timestamp,confidence_right,confidence_left,diameter_right,diameter_left
1706267674749,0,1,nan,4.6243896484375
1706267674750,0,1,nan,4.63140869140625
1706267674753,0,1,nan,4.612396240234375
1706267674770,0,1,nan,4.6091766357421875
1706267674776,0,1,nan,4.601104736328125
1706267674788,0,1,nan,4.587127685546875
1706267674798,0,1,nan,4.5785369873046875
1706267674809,0,1,nan,4.5688934326171875
1706267674820,0,1,nan,4.555816650390625
1706267674831,0,1,nan,4.5420379638671875
1706267674843,0,1,nan,4.530914306640625
1706267674854,0,1,nan,4.5216522216796875
1706267674865,0,1,nan,4.528717041015625
1706267674901,0,1,nan,4.5352020263671875
1706267674902,0,1,nan,4.5256500244140625
1706267674909,0,1,nan,4.5256500244140625
1706267674921,0,1,nan,4.5268707275390625
1706267674931,0,1,nan,4.517669677734375
1706267674942,0,1,nan,4.517669677734375
1706267674953,0,1,nan,4.5150299072265625
1706267674965,0,1,nan,4.5026397705078125
1706267674975,0,1,nan,4.5026397705078125
1706267674987,0,1,nan,4.48822021484375
1706267674999,0,1,nan,4.5043487548828125
1706267675008,0,1,nan,4.49755859375
1706267675029,0,1,nan,4.4919891357421875
1706267675049,0,1,nan,4.491668701171875
1706267675050,0,1,nan,4.4914398193359375
1706267675053,0,1,nan,4.483001708984375
1706267675067,0,1,nan,4.476806640625
1706267675075,0,1,nan,4.4763946533203125
1706267675086,0,1,nan,4.469940185546875
1706267675098,0,1,nan,4.4641876220703125
1706267675108,0,1,nan,4.4641876220703125
1706267675120,0,1,nan,4.4598388671875
1706267675131,0,1,nan,4.467376708984375
1706267675141,0,1,nan,4.467376708984375
1706267675153,0,1,nan,4.4654083251953125
1706267675165,0,1,nan,4.4668121337890625
1706267675198,0,1,nan,4.4668121337890625
1706267675199,0,1,nan,4.47119140625
1706267675208,0,1,nan,4.4711456298828125
1706267675220,0,1,nan,4.47943115234375
1706267675232,0,1,nan,4.4768218994140625
1706267675242,0,1,nan,4.4768218994140625
1706267675253,0,1,nan,4.4820404052734375
1706267675265,0,1,nan,4.480133056640625
1706267675275,0,1,nan,4.480133056640625
1706267675287,0,1,nan,4.4871826171875
1706267675299,0,1,nan,4.4815826416015625
1706267675309,0,1,nan,4.4815826416015625
1706267675327,0,1,nan,4.47625732421875
1706267675347,0,1,nan,4.4681549072265625
1706267675353,0,1,nan,4.46490478515625
1706267675366,0,1,nan,4.4846954345703125
1706267675375,0,1,nan,4.4846954345703125
1706267675385,0,0,nan,nan
1706267675396,0,0,nan,nan
1706267675407,0,0,nan,nan
1706267675418,0,0,nan,nan
1706267675429,0,0,nan,nan
1706267675440,0,0,nan,nan
1706267675451,0,0,nan,nan
1706267675462,0,0,nan,nan
1706267675496,0,0,nan,nan
1706267675497,0,0,nan,nan
1706267675503,0,0,nan,nan
1706267675521,0,0,nan,nan
1706267675533,0,0,nan,nan
1706267675544,0,0,nan,nan
1706267675554,0,0,nan,nan
1706267675565,0,0,nan,nan
1706267675577,0,0,nan,nan
1706267675588,0,0,nan,nan
1706267675599,0,0,nan,nan
1706267675611,0,0,nan,nan
1706267675649,0,0,nan,nan
1706267675650,0,0,nan,nan
1706267675654,0,0,nan,nan
1706267675667,0,0,nan,nan
1706267675677,0,0,nan,nan
1706267675688,0,0,nan,nan
1706267675699,0,0,nan,nan
1706267675711,0,0,nan,nan
1706267675721,0,0,nan,nan
1706267675733,0,0,nan,nan
1706267675744,0,0,nan,nan
1706267675753,0,0,nan,nan
1706267675777,0,0,nan,nan
1706267675797,0,0,nan,nan
1706267675799,0,0,nan,nan
1706267675814,0,0,nan,nan
1706267675820,0,0,nan,nan
1706267675833,0,0,nan,nan
1706267675843,0,0,nan,nan
1706267675854,0,0,nan,nan
1706267675865,0,0,nan,nan
1706267675877,0,0,nan,nan
1706267675887,0,0,nan,nan
1706267675899,0,0,nan,nan
1706267675931,0,0,nan,nan
1706267675932,0,0,nan,nan
1706267675949,0,0,nan,nan
1706267675954,0,0,nan,nan
1706267675966,0,0,nan,nan
1706267675977,0,0,nan,nan
1706267675987,0,0,nan,nan
1706267675999,0,0,nan,nan
1706267676010,0,0,nan,nan
1706267676021,0,0,nan,nan
1706267676032,0,0,nan,nan
1706267676044,0,0,nan,nan
1706267676086,0,0,nan,nan
1706267676087,0,0,nan,nan
1706267676088,0,0,nan,nan
1706267676103,0,0,nan,nan
1706267676111,0,0,nan,nan
1706267676122,0,0,nan,nan
1706267676131,0,0,nan,nan
1706267676143,0,0,nan,nan
1706267676154,0,0,nan,nan
1706267676165,0,0,nan,nan
1706267676177,0,0,nan,nan
1706267676187,0,0,nan,nan
1706267676199,0,0,nan,nan
1706267676234,0,0,nan,nan
1706267676252,0,0,nan,nan
1706267676254,0,0,nan,nan
1706267676266,0,0,nan,nan
1706267676277,0,0,nan,nan
1706267676288,0,0,nan,nan
1706267676299,0,0,nan,nan
1706267676310,0,0,nan,nan
1706267676321,0,0,nan,nan
1706267676365,0,0,nan,nan
1706267676366,0,0,nan,nan
1706267676381,0,0,nan,nan
1706267676388,0,0,nan,nan
1706267676399,0,0,nan,nan
1706267676410,0,0,nan,nan
1706267676420,0,0,nan,nan
1706267676431,0,0,nan,nan
1706267676443,0,0,nan,nan
1706267676453,0,0,nan,nan
1706267676465,0,0,nan,nan
1706267676476,0,0,nan,nan
1706267676514,0,0,nan,nan
1706267676515,0,0,nan,nan
1706267676516,0,0,nan,nan
1706267676533,0,0,nan,nan
1706267676545,0,1,nan,4.41424560546875
1706267676554,0,1,nan,4.41424560546875
1706267676566,0,1,nan,4.41424560546875
1706267676577,0,0,nan,nan
1706267676588,0,1,nan,4.628265380859375
1706267676599,0,1,nan,4.628265380859375
1706267676611,0,1,nan,4.7174224853515625
1706267676621,0,1,nan,5.0330047607421875
1706267676663,0,1,nan,5.0330047607421875
1706267676665,0,1,nan,4.99005126953125
1706267676679,0,0,nan,nan
1706267676687,0,0,nan,nan
1706267676699,0,0,nan,nan
1706267676710,0,0,nan,nan
1706267676721,0,1,nan,5.0338897705078125
1706267676733,0,1,nan,5.0555572509765625
1706267676744,0,1,nan,5.0869140625
1706267676755,0,1,nan,5.1147308349609375
1706267676766,0,1,nan,5.1237335205078125
1706267676798,0,1,nan,5.12091064453125
1706267676799,0,1,nan,5.1182098388671875
1706267676816,0,1,nan,5.0905609130859375
1706267676822,0,1,nan,5.0992279052734375
1706267676833,0,1,nan,5.1025543212890625
1706267676844,0,1,nan,5.09991455078125
1706267676855,0,1,nan,5.103546142578125
1706267676866,0,1,nan,5.1201934814453125
1706267676877,0,1,nan,5.119842529296875
1706267676888,0,1,nan,5.124664306640625
1706267676900,0,1,nan,5.129669189453125
1706267676911,0,1,nan,5.1328277587890625
1706267676949,0,1,nan,5.0745697021484375
1706267676950,0,1,nan,5.031463623046875
1706267676955,0,1,nan,4.7104339599609375
1706267676969,0,1,nan,4.5184326171875
1706267676976,0,1,nan,4.5184326171875
1706267676986,0,0,nan,nan
1706267676998,0,0,nan,nan
1706267677009,0,0,nan,nan
1706267677020,0,0,nan,nan
1706267677031,0,0,nan,nan
1706267677042,0,0,nan,nan
1706267677053,0,0,nan,nan
1706267677063,0,0,nan,nan
1706267677100,0,0,nan,nan
1706267677101,0,0,nan,nan
1706267677119,0,0,nan,nan
1706267677123,0,0,nan,nan
1706267677135,0,0,nan,nan
1706267677146,0,0,nan,nan
1706267677156,0,0,nan,nan
1706267677167,0,0,nan,nan
1706267677179,0,0,nan,nan
1706267677190,0,0,nan,nan
1706267677201,0,0,nan,nan
1706267677213,0,0,nan,nan
1706267677251,0,0,nan,nan
1706267677256,0,0,nan,nan
1706267677269,0,0,nan,nan
1706267677280,0,0,nan,nan
1706267677290,0,0,nan,nan
1706267677301,0,0,nan,nan
1706267677312,0,0,nan,nan
1706267677323,0,0,nan,nan
1706267677334,0,0,nan,nan
1706267677346,0,0,nan,nan
1706267677356,0,0,nan,nan
1706267677367,0,0,nan,nan
1706267677400,0,0,nan,nan
1706267677401,0,0,nan,nan
1706267677419,0,0,nan,nan
1706267677422,0,0,nan,nan
1706267677435,0,0,nan,nan
1706267677446,0,0,nan,nan
1706267677456,0,0,nan,nan
1706267677467,0,0,nan,nan
1706267677478,0,0,nan,nan
1706267677489,0,0,nan,nan
1706267677500,0,0,nan,nan
1706267677512,0,0,nan,nan
1706267677530,0,0,nan,nan
1706267677551,0,0,nan,nan
1706267677556,0,0,nan,nan
1706267677569,0,0,nan,nan
1706267677579,0,0,nan,nan
1706267677589,0,0,nan,nan
1706267677600,0,0,nan,nan
1706267677612,0,0,nan,nan
1706267677623,0,0,nan,nan
1706267677634,0,0,nan,nan
1706267677646,0,0,nan,nan
1706267677656,0,0,nan,nan
1706267677667,0,0,nan,nan
1706267677702,0,0,nan,nan
1706267677720,0,0,nan,nan
1706267677723,0,0,nan,nan
1706267677735,0,0,nan,nan
1706267677745,0,0,nan,nan
1706267677755,0,0,nan,nan
1706267677766,0,0,nan,nan
1706267677779,0,0,nan,nan
1706267677789,0,0,nan,nan
1706267677800,0,0,nan,nan
1706267677812,0,0,nan,nan
1706267677828,0,0,nan,nan
1706267677848,0,0,nan,nan
1706267677856,0,0,nan,nan
1706267677867,0,0,nan,nan
1706267677880,0,0,nan,nan
1706267677889,0,0,nan,nan
1706267677900,0,0,nan,nan
1706267677912,0,0,nan,nan
1706267677922,0,0,nan,nan
1706267677934,0,0,nan,nan
1706267677945,0,0,nan,nan
1706267677983,0,0,nan,nan
1706267677984,0,0,nan,nan
1706267677989,0,0,nan,nan
1706267678000,0,0,nan,nan
1706267678012,0,0,nan,nan
1706267678023,0,0,nan,nan
1706267678034,0,0,nan,nan
1706267678045,0,0,nan,nan
1706267678056,0,0,nan,nan
1706267678067,0,0,nan,nan
1706267678079,0,0,nan,nan
1706267678089,0,0,nan,nan
1706267678110,0,0,nan,nan
1706267678131,0,0,nan,nan
1706267678132,0,0,nan,nan
1706267678133,0,0,nan,nan
1706267678148,0,0,nan,nan
1706267678155,0,0,nan,nan
1706267678167,0,0,nan,nan
1706267678178,0,0,nan,nan
1706267678188,0,0,nan,nan
1706267678200,0,0,nan,nan
1706267678212,0,0,nan,nan
1706267678222,0,0,nan,nan
1706267678233,0,0,nan,nan
1706267678268,0,0,nan,nan
1706267678269,0,0,nan,nan
1706267678278,0,0,nan,nan
1706267678289,0,0,nan,nan
1706267678301,0,0,nan,nan
1706267678312,0,0,nan,nan
1706267678322,0,0,nan,nan
1706267678333,0,0,nan,nan
1706267678345,0,0,nan,nan
1706267678355,0,0,nan,nan
1706267678366,0,0,nan,nan
1706267678378,0,0,nan,nan
1706267678416,0,0,nan,nan
1706267678417,0,0,nan,nan
1706267678422,0,0,nan,nan
1706267678433,0,0,nan,nan
1706267678446,0,0,nan,nan
1706267678455,0,0,nan,nan
1706267678466,0,0,nan,nan
1706267678478,0,0,nan,nan
1706267678488,0,0,nan,nan
1706267678500,0,0,nan,nan
1706267678512,0,0,nan,nan
1706267678522,0,0,nan,nan
1706267678567,0,0,nan,nan
1706267678583,0,0,nan,nan
1706267678589,0,0,nan,nan
1706267678600,0,0,nan,nan
1706267678612,0,0,nan,nan
1706267678622,0,0,nan,nan
1706267678633,0,0,nan,nan
1706267678645,0,0,nan,nan
1706267678655,0,0,nan,nan
1706267678667,0,0,nan,nan
1706267678686,0,0,nan,nan
1706267678708,0,0,nan,nan
1706267678709,0,0,nan,nan
1706267678712,0,0,nan,nan
1706267678723,0,0,nan,nan
1706267678732,0,0,nan,nan
1706267678744,0,0,nan,nan
1706267678755,0,0,nan,nan
1706267678766,0,0,nan,nan
1706267678778,0,0,nan,nan
1706267678789,0,0,nan,nan
1706267678800,0,0,nan,nan
1706267678812,0,0,nan,nan
1706267678849,0,0,nan,nan
1706267678850,0,0,nan,nan
1706267678854,0,0,nan,nan
1706267678867,0,0,nan,nan
1706267678878,0,0,nan,nan
1706267678888,0,0,nan,nan
1706267678899,0,0,nan,nan
1706267678911,0,0,nan,nan
1706267678921,0,0,nan,nan
1706267678933,0,0,nan,nan
1706267678944,0,0,nan,nan
1706267678955,0,0,nan,nan
1706267678966,0,0,nan,nan
1706267679000,0,0,nan,nan
1706267679016,0,0,nan,nan
1706267679022,0,0,nan,nan
1706267679034,0,0,nan,nan
1706267679045,0,0,nan,nan
1706267679055,0,0,nan,nan
1706267679066,0,0,nan,nan
1706267679085,0,0,nan,nan
1706267679101,0,0,nan,nan
1706267679133,0,0,nan,nan
1706267679134,0,0,nan,nan
1706267679151,0,0,nan,nan
1706267679156,0,0,nan,nan
1706267679170,0,0,nan,nan
1706267679179,0,0,nan,nan
1706267679190,0,0,nan,nan
1706267679201,0,0,nan,nan
1706267679211,0,1,nan,5.0443267822265625
1706267679222,0,1,nan,5.0443267822265625
1706267679233,0,1,nan,5.0443267822265625
1706267679245,0,1,nan,5.0663604736328125
1706267679286,0,1,nan,5.0663604736328125
1706267679287,0,1,nan,5.022735595703125
1706267679289,0,1,nan,5.1273345947265625
1706267679304,0,1,nan,5.1273345947265625
1706267679312,0,1,nan,5.1527252197265625
1706267679323,0,1,nan,5.174346923828125
1706267679333,0,1,nan,5.174346923828125
1706267679345,0,1,nan,5.1726837158203125
1706267679356,0,1,nan,5.20233154296875
1706267679367,0,1,nan,5.20233154296875
1706267679378,0,1,nan,5.2166900634765625
1706267679390,0,1,nan,5.2383575439453125
1706267679401,0,1,nan,5.231170654296875
1706267679437,0,1,nan,5.2512969970703125
1706267679438,0,1,nan,5.2683563232421875
1706267679454,0,1,nan,5.2707977294921875
1706267679456,0,1,nan,5.28912353515625
1706267679468,0,1,nan,5.2964324951171875
1706267679479,0,1,nan,5.300567626953125
1706267679490,0,1,nan,5.308624267578125
1706267679501,0,1,nan,5.3185272216796875
1706267679512,0,1,nan,5.317901611328125
1706267679523,0,1,nan,5.3275299072265625
1706267679535,0,1,nan,5.3198699951171875
1706267679546,0,1,nan,5.3187713623046875
1706267679582,0,1,nan,5.3285064697265625
1706267679583,0,1,nan,5.349761962890625
1706267679589,0,1,nan,5.35699462890625
1706267679600,0,1,nan,5.34954833984375
1706267679613,0,1,nan,5.3506317138671875
1706267679622,0,1,nan,5.34039306640625
1706267679634,0,1,nan,5.333160400390625
1706267679645,0,1,nan,5.324493408203125
1706267679656,0,1,nan,5.326263427734375
1706267679667,0,1,nan,5.322418212890625
1706267679678,0,1,nan,5.3211212158203125
1706267679689,0,1,nan,5.306121826171875
1706267679712,0,1,nan,5.3117218017578125
1706267679732,0,1,nan,5.3148651123046875
1706267679733,0,1,nan,5.3056793212890625
1706267679734,0,1,nan,5.2904205322265625
1706267679748,0,1,nan,5.2883758544921875
1706267679756,0,1,nan,5.2740478515625
1706267679768,0,1,nan,5.2662200927734375
1706267679778,0,1,nan,5.257293701171875
1706267679789,0,1,nan,5.2430877685546875
1706267679801,0,1,nan,5.2481689453125
1706267679812,0,1,nan,5.245758056640625
1706267679823,0,1,nan,5.2389068603515625
1706267679834,0,1,nan,5.2427215576171875
1706267679867,0,1,nan,5.247100830078125
1706267679868,0,1,nan,5.2441558837890625
1706267679884,0,1,nan,5.2361297607421875
1706267679890,0,1,nan,5.226531982421875
1706267679901,0,1,nan,5.212615966796875
1706267679912,0,1,nan,5.2152099609375
1706267679923,0,1,nan,5.2156219482421875
1706267679936,0,1,nan,5.2064971923828125
1706267679947,1,1,5.231201171875,5.20001220703125
1706267679957,1,1,5.2669677734375,5.1996307373046875
1706267679969,1,1,5.27294921875,5.2273406982421875
1706267679979,1,1,5.2718505859375,5.23089599609375
1706267680018,1,1,5.2683258056640625,5.2317352294921875
1706267680024,1,1,5.2783660888671875,5.2240142822265625
1706267680036,1,1,5.2837677001953125,5.2321624755859375
1706267680047,1,1,5.27239990234375,5.2292327880859375
1706267680057,1,1,5.2631683349609375,5.2231292724609375
1706267680069,1,1,5.2668609619140625,5.2290802001953125
1706267680079,1,1,5.2884979248046875,5.2295684814453125
1706267680090,1,1,5.2226409912109375,5.1409759521484375
1706267680102,1,1,5.1759185791015625,5.0379638671875
1706267680112,1,1,5.1759185791015625,4.9987030029296875
1706267680153,1,1,5.1975250244140625,4.738037109375
1706267680154,1,0,5.1975250244140625,nan
1706267680156,0,0,nan,nan
1706267680172,0,0,nan,nan
1706267680179,0,0,nan,nan
1706267680189,0,0,nan,nan
1706267680200,0,0,nan,nan
1706267680212,0,0,nan,nan
1706267680221,0,0,nan,nan
1706267680232,0,0,nan,nan
1706267680250,0,0,nan,nan
1706267680269,0,0,nan,nan
1706267680303,0,0,nan,nan
1706267680304,0,0,nan,nan
1706267680321,0,0,nan,nan
1706267680325,0,0,nan,nan
1706267680335,0,0,nan,nan
1706267680347,0,0,nan,nan
1706267680357,0,0,nan,nan
1706267680368,0,0,nan,nan
1706267680380,0,0,nan,nan
1706267680391,0,0,nan,nan
1706267680402,0,0,nan,nan
1706267680414,0,0,nan,nan
1706267680451,0,0,nan,nan
1706267680452,0,0,nan,nan
1706267680458,0,0,nan,nan
1706267680469,0,0,nan,nan
1706267680482,0,0,nan,nan
1706267680491,0,0,nan,nan
1706267680502,0,0,nan,nan
1706267680514,0,0,nan,nan
1706267680524,0,0,nan,nan
1706267680535,0,0,nan,nan
1706267680547,0,0,nan,nan
1706267680558,0,0,nan,nan
1706267680600,0,0,nan,nan
1706267680601,0,0,nan,nan
1706267680602,0,0,nan,nan
1706267680616,0,0,nan,nan
1706267680625,0,0,nan,nan
1706267680636,0,0,nan,nan
1706267680655,0,0,nan,nan
1706267680670,0,0,nan,nan
1706267680681,0,0,nan,nan
1706267680692,0,0,nan,nan
1706267680703,0,0,nan,nan
1706267680714,0,0,nan,nan
1706267680749,0,0,nan,nan
1706267680766,0,0,nan,nan
1706267680785,0,0,nan,nan
1706267680801,0,0,nan,nan
1706267680817,0,0,nan,nan
1706267680828,0,0,nan,nan
1706267680840,0,0,nan,nan
1706267680852,1,1,5.5255889892578125,5.2017059326171875
1706267680862,1,1,5.5255889892578125,5.2017059326171875
1706267680900,1,1,5.5255889892578125,5.2017059326171875
1706267680907,1,0,5.3025360107421875,nan
1706267680918,0,0,nan,nan
1706267680931,1,0,5.3830413818359375,nan
1706267680940,1,0,5.3830413818359375,nan
1706267680952,1,0,5.3925323486328125,nan
1706267680963,1,1,5.402923583984375,5.2885589599609375
1706267680974,1,1,5.3970489501953125,5.28375244140625
1706267680986,1,1,5.4105224609375,5.2817840576171875
1706267680997,1,1,5.4271697998046875,5.30157470703125
1706267681008,1,1,5.4443206787109375,5.3118896484375
1706267681019,1,1,5.436126708984375,5.3245849609375
1706267681053,1,1,5.4402008056640625,5.3277740478515625
1706267681054,1,1,5.429443359375,5.3251495361328125
1706267681069,1,1,5.4451751708984375,5.34228515625
1706267681075,1,1,5.4437408447265625,5.3515777587890625
1706267681086,1,1,5.44354248046875,5.35015869140625
1706267681096,1,1,5.4438018798828125,5.360076904296875
1706267681107,1,1,5.4781646728515625,5.3931732177734375
1706267681118,1,1,5.5084381103515625,5.3763580322265625
1706267681129,1,1,5.290313720703125,5.1773223876953125
1706267681139,1,1,5.2176055908203125,5.0821990966796875
1706267681150,1,1,5.064727783203125,5.033447265625
1706267681161,0,0,nan,nan
1706267681202,0,0,nan,nan
1706267681206,0,0,nan,nan
1706267681218,0,0,nan,nan
1706267681228,0,0,nan,nan
1706267681238,0,0,nan,nan
1706267681249,0,0,nan,nan
1706267681260,0,0,nan,nan
1706267681270,0,0,nan,nan
1706267681287,0,0,nan,nan
1706267681334,0,0,nan,nan
1706267681335,0,0,nan,nan
1706267681340,0,0,nan,nan
1706267681354,0,0,nan,nan
1706267681372,0,0,nan,nan
1706267681385,0,0,nan,nan
1706267681396,0,0,nan,nan
1706267681408,0,0,nan,nan
1706267681419,0,0,nan,nan
1706267681430,0,0,nan,nan
1706267681441,0,0,nan,nan
1706267681452,0,0,nan,nan
1706267681484,0,0,nan,nan
1706267681485,0,0,nan,nan
1706267681500,0,0,nan,nan
1706267681510,0,0,nan,nan
1706267681522,0,0,nan,nan
1706267681532,0,0,nan,nan
1706267681544,0,0,nan,nan
1706267681555,0,0,nan,nan
1706267681566,0,0,nan,nan
1706267681577,0,0,nan,nan
1706267681619,0,0,nan,nan
1706267681633,0,0,nan,nan
1706267681646,0,0,nan,nan
1706267681655,0,0,nan,nan
1706267681665,0,0,nan,nan
1706267681677,0,0,nan,nan
1706267681688,0,0,nan,nan
1706267681699,0,0,nan,nan
1706267681710,0,0,nan,nan
1706267681721,0,0,nan,nan
1706267681733,0,0,nan,nan
1706267681767,0,0,nan,nan
1706267681768,0,0,nan,nan
1706267681783,0,0,nan,nan
1706267681789,0,0,nan,nan
1706267681799,0,0,nan,nan
1706267681810,0,0,nan,nan
1706267681821,0,0,nan,nan
1706267681832,0,0,nan,nan
1706267681843,0,0,nan,nan
1706267681860,0,0,nan,nan
1706267681901,0,0,nan,nan
1706267681902,0,0,nan,nan
1706267681919,0,0,nan,nan
1706267681925,0,0,nan,nan
1706267681936,0,0,nan,nan
1706267681946,0,0,nan,nan
1706267681958,0,0,nan,nan
1706267681968,0,0,nan,nan
1706267681979,0,0,nan,nan
1706267681991,0,0,nan,nan
1706267682002,0,0,nan,nan
1706267682034,0,0,nan,nan
1706267682049,0,0,nan,nan
1706267682057,0,0,nan,nan
1706267682067,0,0,nan,nan
1706267682079,0,0,nan,nan
1706267682090,0,0,nan,nan
1706267682100,0,0,nan,nan
1706267682112,0,0,nan,nan
1706267682123,0,0,nan,nan
1706267682134,0,0,nan,nan
1706267682145,0,0,nan,nan
1706267682185,0,0,nan,nan
1706267682186,0,0,nan,nan
1706267682190,0,0,nan,nan
1706267682201,0,0,nan,nan
1706267682215,0,0,nan,nan
1706267682223,0,0,nan,nan
1706267682234,0,0,nan,nan
1706267682246,0,0,nan,nan
1706267682257,0,0,nan,nan
1706267682268,0,0,nan,nan
1706267682279,0,0,nan,nan
1706267682320,0,0,nan,nan
1706267682324,0,0,nan,nan
1706267682336,0,0,nan,nan
1706267682347,0,0,nan,nan
1706267682357,0,0,nan,nan
1706267682368,0,0,nan,nan
1706267682379,0,0,nan,nan
1706267682391,0,0,nan,nan
1706267682401,0,0,nan,nan
1706267682411,0,0,nan,nan
1706267682424,0,0,nan,nan
1706267682434,0,0,nan,nan
1706267682471,0,0,nan,nan
1706267682472,0,0,nan,nan
1706267682478,0,0,nan,nan
1706267682490,0,0,nan,nan
1706267682501,0,0,nan,nan
1706267682512,0,0,nan,nan
1706267682524,0,0,nan,nan
1706267682534,0,0,nan,nan
1706267682545,0,0,nan,nan
1706267682557,0,0,nan,nan
1706267682567,0,0,nan,nan
1706267682604,0,0,nan,nan
1706267682605,0,0,nan,nan
1706267682612,0,0,nan,nan
1706267682623,0,0,nan,nan
1706267682634,0,0,nan,nan
1706267682645,0,0,nan,nan
1706267682657,0,0,nan,nan
1706267682667,0,0,nan,nan
1706267682678,0,0,nan,nan
1706267682690,0,0,nan,nan
1706267682701,0,0,nan,nan
1706267682712,0,0,nan,nan
1706267682724,0,0,nan,nan
1706267682757,0,0,nan,nan
1706267682758,0,0,nan,nan
1706267682774,0,0,nan,nan
1706267682779,0,0,nan,nan
1706267682789,0,0,nan,nan
1706267682800,0,0,nan,nan
1706267682811,0,0,nan,nan
1706267682823,0,0,nan,nan
1706267682833,0,0,nan,nan
1706267682845,0,0,nan,nan
1706267682857,0,0,nan,nan
1706267682867,0,0,nan,nan
1706267682904,0,0,nan,nan
1706267682905,0,0,nan,nan
1706267682911,0,0,nan,nan
1706267682924,0,0,nan,nan
1706267682934,0,0,nan,nan
1706267682945,0,0,nan,nan
1706267682957,0,0,nan,nan
1706267682967,0,0,nan,nan
1706267682978,0,0,nan,nan
1706267682991,0,0,nan,nan
1706267683000,0,0,nan,nan
1706267683011,0,0,nan,nan
1706267683053,0,0,nan,nan
1706267683057,0,0,nan,nan
1706267683070,0,0,nan,nan
1706267683078,0,0,nan,nan
1706267683091,0,0,nan,nan
1706267683100,0,0,nan,nan
1706267683111,0,0,nan,nan
1706267683124,0,0,nan,nan
1706267683134,0,0,nan,nan
1706267683145,0,0,nan,nan
1706267683156,0,0,nan,nan
1706267683167,0,0,nan,nan
1706267683206,0,0,nan,nan
1706267683207,0,0,nan,nan
1706267683211,0,0,nan,nan
1706267683223,0,0,nan,nan
1706267683234,0,0,nan,nan
1706267683244,0,0,nan,nan
1706267683256,0,0,nan,nan
1706267683266,0,0,nan,nan
1706267683277,0,0,nan,nan
1706267683289,0,0,nan,nan
1706267683300,0,0,nan,nan
1706267683311,0,0,nan,nan
1706267683356,0,0,nan,nan
1706267683357,0,0,nan,nan
1706267683373,0,0,nan,nan
1706267683378,0,0,nan,nan
1706267683391,0,0,nan,nan
1706267683400,0,0,nan,nan
1706267683411,0,0,nan,nan
1706267683423,0,0,nan,nan
1706267683434,0,0,nan,nan
1706267683444,0,0,nan,nan
1706267683456,0,0,nan,nan
1706267683467,0,0,nan,nan
1706267683505,0,0,nan,nan
1706267683506,0,0,nan,nan
1706267683511,0,0,nan,nan
1706267683523,0,0,nan,nan
1706267683534,0,0,nan,nan
1706267683544,0,0,nan,nan
1706267683555,0,0,nan,nan
1706267683567,0,0,nan,nan
1706267683577,0,0,nan,nan
1706267683589,0,0,nan,nan
1706267683599,0,0,nan,nan
1706267683611,0,0,nan,nan
1706267683622,0,0,nan,nan
1706267683665,0,0,nan,nan
1706267683666,0,0,nan,nan
1706267683683,0,0,nan,nan
1706267683690,0,0,nan,nan
1706267683701,0,0,nan,nan
1706267683711,0,0,nan,nan
1706267683722,0,0,nan,nan
1706267683733,0,0,nan,nan
1706267683744,0,0,nan,nan
1706267683756,0,0,nan,nan
1706267683766,0,0,nan,nan
1706267683803,0,0,nan,nan
1706267683804,0,0,nan,nan
1706267683811,0,0,nan,nan
1706267683823,0,0,nan,nan
1706267683833,0,0,nan,nan
1706267683844,0,0,nan,nan
1706267683856,0,0,nan,nan
1706267683866,0,0,nan,nan
1706267683878,0,0,nan,nan
1706267683890,0,0,nan,nan
1706267683900,0,0,nan,nan
1706267683939,0,0,nan,nan
1706267683940,0,0,nan,nan
1706267683944,0,0,nan,nan
1706267683959,0,0,nan,nan
1706267683966,0,0,nan,nan
1706267683978,0,0,nan,nan
1706267683989,0,0,nan,nan
1706267683999,0,0,nan,nan
1706267684011,0,0,nan,nan
1706267684022,0,0,nan,nan
1706267684033,0,0,nan,nan
1706267684044,0,0,nan,nan
1706267684068,0,0,nan,nan
1706267684089,0,0,nan,nan
1706267684104,0,0,nan,nan
1706267684111,0,0,nan,nan
1706267684123,0,0,nan,nan
1706267684134,0,0,nan,nan
1706267684145,0,0,nan,nan
1706267684156,0,0,nan,nan
1706267684167,0,0,nan,nan
1706267684179,0,0,nan,nan
1706267684220,0,0,nan,nan
1706267684221,0,0,nan,nan
1706267684223,0,0,nan,nan
1706267684236,0,0,nan,nan
1706267684249,1,0,5.6739959716796875,nan
1706267684259,1,1,5.6128997802734375,5.4874267578125
1706267684270,1,1,5.4638519287109375,5.4874267578125
1706267684281,1,1,5.4480133056640625,5.4874267578125
1706267684292,1,0,5.460052490234375,nan
1706267684302,1,1,5.507415771484375,5.481048583984375
1706267684313,1,1,5.5198974609375,5.481048583984375
1706267684325,1,1,5.5448150634765625,5.46240234375
1706267684335,1,1,5.6873016357421875,5.3964080810546875
1706267684370,1,1,5.7226409912109375,5.3964080810546875
1706267684371,1,1,5.5687103271484375,5.5053863525390625
1706267684386,1,1,5.58770751953125,5.496795654296875
1706267684392,1,1,5.606903076171875,5.4964447021484375
1706267684404,1,1,5.613739013671875,5.4940643310546875
1706267684414,1,1,5.628814697265625,5.5054931640625
1706267684425,1,1,5.6250762939453125,5.50396728515625
1706267684436,1,1,5.6262969970703125,5.4850311279296875
1706267684447,1,1,5.5880889892578125,5.47723388671875
1706267684458,1,1,5.579803466796875,5.47491455078125
1706267684469,1,1,5.5764923095703125,5.461395263671875
1706267684505,1,1,5.61376953125,5.46893310546875
1706267684506,1,1,5.5970458984375,5.4344482421875
1706267684514,1,1,5.565093994140625,5.4134368896484375
1706267684525,1,1,5.530426025390625,5.4014434814453125
1706267684536,1,1,5.510833740234375,5.368408203125
1706267684547,1,1,5.504974365234375,5.35491943359375
1706267684558,1,1,5.5145416259765625,5.3565521240234375
1706267684569,1,1,5.4896392822265625,5.329437255859375
1706267684581,1,1,5.491241455078125,5.3246002197265625
1706267684592,1,1,5.49664306640625,5.2965240478515625
1706267684603,1,1,5.4711151123046875,5.26214599609375
1706267684614,1,1,5.4401397705078125,5.2415008544921875
1706267684625,1,1,5.399322509765625,5.2397003173828125
1706267684656,1,1,5.386199951171875,5.221771240234375
1706267684659,1,1,5.3983612060546875,5.225677490234375
1706267684675,1,1,5.345458984375,5.12799072265625
1706267684680,1,1,5.3696441650390625,5.12799072265625
1706267684691,1,1,5.3574981689453125,5.0906982421875
1706267684702,1,1,5.3538360595703125,5.067291259765625
1706267684713,1,1,5.3421783447265625,5.0526885986328125
1706267684724,1,1,5.34173583984375,5.0310516357421875
1706267684736,1,1,5.3267669677734375,4.996490478515625
1706267684747,1,1,5.3428802490234375,4.9956512451171875
1706267684786,1,1,5.3435516357421875,4.98724365234375
1706267684787,1,1,5.3223724365234375,4.962158203125
1706267684791,1,1,5.2728118896484375,4.9583282470703125
1706267684803,1,1,5.2617340087890625,4.942169189453125
1706267684815,1,1,5.260284423828125,4.9229736328125
1706267684824,1,1,5.2679901123046875,4.914703369140625
1706267684836,1,1,5.2535400390625,4.88507080078125
1706267684847,1,1,5.256988525390625,4.8852996826171875
1706267684858,1,1,5.2360076904296875,4.8768463134765625
1706267684869,1,1,5.2235260009765625,4.8609466552734375
1706267684880,1,1,5.2149658203125,4.860198974609375
1706267684891,1,1,5.1990814208984375,4.861328125
1706267684903,1,1,5.197052001953125,4.8596649169921875
1706267684937,1,1,5.19818115234375,4.8462371826171875
1706267684953,1,1,5.16180419921875,4.8452606201171875
1706267684959,1,1,5.18365478515625,4.8518829345703125
1706267684969,1,1,5.1871337890625,4.8690032958984375
1706267684980,1,1,5.1904144287109375,4.8744964599609375
1706267684991,1,1,5.182861328125,4.8800506591796875
1706267685002,1,1,5.1917572021484375,4.89544677734375
1706267685013,1,1,5.197998046875,4.904632568359375
1706267685024,1,1,5.19439697265625,4.9037322998046875
1706267685036,1,1,5.1988372802734375,4.9086151123046875
1706267685055,1,1,5.196533203125,4.9051361083984375
1706267685078,1,1,5.2467193603515625,4.9175262451171875
1706267685079,1,1,5.2570648193359375,4.943145751953125
1706267685080,1,1,5.269378662109375,4.9453887939453125
1706267685095,1,1,5.2240142822265625,4.9454193115234375
1706267685102,1,1,5.2288970947265625,4.95721435546875
1706267685114,1,1,5.222564697265625,4.9687652587890625
1706267685125,1,1,5.2634429931640625,4.9774169921875
1706267685136,1,1,5.2723236083984375,4.9966583251953125
1706267685147,1,1,5.2818603515625,5.002197265625
1706267685158,1,1,5.2996368408203125,5.02044677734375
1706267685169,1,1,5.3057098388671875,5.1083831787109375
1706267685180,1,1,5.293731689453125,5.1082305908203125
1706267685191,1,1,5.2546539306640625,5.1205596923828125
1706267685203,1,1,5.25799560546875,5.1176605224609375
1706267685244,1,1,5.225738525390625,5.114532470703125
1706267685246,1,1,5.231475830078125,5.124755859375
1706267685260,1,1,5.195892333984375,5.1333770751953125
1706267685268,1,1,5.1952667236328125,5.1256256103515625
1706267685280,1,1,5.19635009765625,5.136962890625
1706267685291,1,1,5.188751220703125,5.1343994140625
1706267685302,1,1,5.183074951171875,5.1269378662109375
1706267685313,1,1,5.1896820068359375,5.1147918701171875
1706267685324,1,1,5.197967529296875,5.100860595703125
1706267685336,1,1,5.1933135986328125,5.0928802490234375
1706267685346,1,1,5.1934356689453125,5.08380126953125
1706267685390,1,1,5.186614990234375,5.0873260498046875
1706267685391,1,1,5.1834564208984375,5.0774383544921875
1706267685407,1,1,5.1762237548828125,5.07476806640625
1706267685413,1,1,5.17889404296875,5.0585479736328125
1706267685425,1,1,5.1619873046875,5.065765380859375
1706267685435,1,1,5.157073974609375,5.0645751953125
1706267685447,1,1,5.1452484130859375,5.0677947998046875
1706267685458,1,1,5.1575164794921875,5.069122314453125
1706267685469,1,1,5.1562652587890625,5.07122802734375
1706267685480,1,1,5.1699981689453125,5.0752410888671875
1706267685491,1,1,5.1875152587890625,5.0761260986328125
1706267685502,1,1,5.2053985595703125,5.0856781005859375
1706267685539,1,1,5.19921875,5.087554931640625
1706267685547,1,1,5.145050048828125,5.1125030517578125
1706267685558,1,1,5.1660003662109375,5.117218017578125
1706267685570,1,1,5.1708831787109375,5.1154327392578125
1706267685580,1,1,5.1705780029296875,5.1279296875
1706267685591,1,1,5.1329498291015625,5.1264801025390625
1706267685602,1,1,5.1361541748046875,5.131378173828125
1706267685614,1,1,5.1414031982421875,5.1233062744140625
1706267685623,1,1,5.1512908935546875,5.1199493408203125
1706267685635,1,1,5.151519775390625,5.133087158203125
1706267685646,1,1,5.1512908935546875,5.132171630859375
1706267685657,1,1,5.162811279296875,5.1388702392578125
1706267685689,1,1,5.168701171875,5.1470489501953125
1706267685690,1,1,5.172821044921875,5.162261962890625
1706267685704,1,1,5.1888427734375,5.16864013671875
1706267685713,1,1,5.1911773681640625,5.16168212890625
1706267685724,1,1,5.186431884765625,5.1647796630859375
1706267685735,1,1,5.1859893798828125,5.169769287109375
1706267685746,1,1,5.183990478515625,5.164886474609375
1706267685757,1,1,5.216033935546875,5.2029876708984375
1706267685768,1,1,5.1356201171875,5.0662994384765625
1706267685779,1,1,4.93939208984375,5.049224853515625
1706267685789,1,1,4.809112548828125,4.9568634033203125
1706267685827,1,0,4.364166259765625,nan
1706267685833,0,0,nan,nan
1706267685846,0,0,nan,nan
1706267685855,0,0,nan,nan
1706267685866,0,0,nan,nan
1706267685877,0,0,nan,nan
1706267685887,0,0,nan,nan
1706267685905,0,0,nan,nan
1706267685924,0,0,nan,nan
1706267685934,0,0,nan,nan
1706267685954,0,0,nan,nan
1706267685974,0,0,nan,nan
1706267685975,0,0,nan,nan
1706267685979,0,0,nan,nan
1706267685992,0,0,nan,nan
1706267686000,0,0,nan,nan
1706267686011,0,0,nan,nan
1706267686023,0,0,nan,nan
1706267686034,0,0,nan,nan
1706267686044,0,0,nan,nan
1706267686056,0,0,nan,nan
1706267686067,0,0,nan,nan
1706267686078,0,0,nan,nan
1706267686090,0,0,nan,nan
1706267686124,0,0,nan,nan
1706267686125,0,0,nan,nan
1706267686141,0,0,nan,nan
1706267686145,0,0,nan,nan
1706267686157,0,0,nan,nan
1706267686167,0,0,nan,nan
1706267686179,0,0,nan,nan
1706267686190,0,0,nan,nan
1706267686201,0,0,nan,nan
1706267686212,0,0,nan,nan
1706267686223,0,0,nan,nan
1706267686234,0,0,nan,nan
1706267686274,0,0,nan,nan
1706267686279,0,0,nan,nan
1706267686290,0,0,nan,nan
1706267686300,0,0,nan,nan
1706267686312,0,0,nan,nan
1706267686323,0,0,nan,nan
1706267686334,0,0,nan,nan
1706267686345,0,0,nan,nan
1706267686357,0,0,nan,nan
1706267686366,0,0,nan,nan
1706267686378,0,0,nan,nan
1706267686389,0,0,nan,nan
1706267686423,0,0,nan,nan
1706267686424,0,0,nan,nan
1706267686439,0,0,nan,nan
1706267686445,0,0,nan,nan
1706267686456,0,0,nan,nan
1706267686467,0,0,nan,nan
1706267686478,0,0,nan,nan
1706267686490,0,0,nan,nan
1706267686501,0,0,nan,nan
1706267686512,0,0,nan,nan
1706267686524,0,0,nan,nan
1706267686557,0,0,nan,nan
1706267686565,0,0,nan,nan
1706267686579,0,0,nan,nan
1706267686588,0,0,nan,nan
1706267686600,0,0,nan,nan
1706267686611,0,0,nan,nan
1706267686622,0,0,nan,nan
1706267686635,0,0,nan,nan
1706267686646,1,1,4.4583740234375,3.6352691650390625
1706267686657,1,1,4.4583740234375,4.7111663818359375
1706267686669,1,1,4.885650634765625,4.944305419921875
1706267686708,1,1,4.948028564453125,4.9315948486328125
1706267686713,1,1,5.16424560546875,5.1806640625
1706267686725,1,1,5.1735382080078125,5.2177886962890625
1706267686738,1,1,5.2552947998046875,5.31170654296875
1706267686747,1,1,5.23602294921875,5.31170654296875
1706267686758,1,1,5.2398529052734375,5.3396148681640625
1706267686770,1,1,5.297149658203125,5.40814208984375
1706267686781,1,1,5.372894287109375,5.365875244140625
1706267686792,1,1,5.3883056640625,5.36248779296875
1706267686803,1,1,5.4242401123046875,5.4033355712890625
1706267686843,1,1,5.39630126953125,5.4247894287109375
1706267686848,1,1,5.4828643798828125,5.4821014404296875
1706267686863,1,1,5.499053955078125,5.4780731201171875
1706267686870,1,1,5.5161895751953125,5.4930877685546875
1706267686882,1,1,5.5069580078125,5.479583740234375
1706267686892,1,1,5.53375244140625,5.4905548095703125
1706267686903,1,1,5.5403594970703125,5.48590087890625
1706267686915,1,1,5.542572021484375,5.49102783203125
1706267686926,1,1,5.546051025390625,5.474212646484375
1706267686936,1,1,5.5465850830078125,5.4734344482421875
1706267686947,1,1,5.5646820068359375,5.45849609375
1706267686958,1,1,5.5586700439453125,5.4601287841796875
1706267686992,1,1,5.5573883056640625,5.4406890869140625
1706267686993,1,1,5.584320068359375,5.4431610107421875
1706267687011,1,1,5.5727386474609375,5.4283905029296875
1706267687014,1,1,5.5417938232421875,5.437164306640625
1706267687025,1,1,5.4955596923828125,5.4249114990234375
1706267687036,1,1,5.48468017578125,5.4050445556640625
1706267687047,1,1,5.5060272216796875,5.4040679931640625
1706267687058,1,1,5.4968414306640625,5.3951568603515625
1706267687069,1,1,5.472625732421875,5.3746795654296875
1706267687080,1,1,5.4463653564453125,5.35650634765625
1706267687092,1,1,5.4642486572265625,5.361968994140625
1706267687103,1,1,5.44866943359375,5.3448944091796875
1706267687124,1,1,5.440948486328125,5.3404998779296875
1706267687144,1,1,5.3739776611328125,5.3179473876953125
1706267687147,1,1,5.32611083984375,5.304168701171875
1706267687164,1,1,5.318328857421875,5.3088531494140625
1706267687170,1,1,5.3067169189453125,5.2915802001953125
1706267687180,1,1,5.30584716796875,5.2748565673828125
1706267687191,1,1,5.3371124267578125,5.2700042724609375
1706267687202,1,1,5.3190460205078125,5.2503814697265625
1706267687213,1,1,5.307220458984375,5.2604827880859375
1706267687225,1,1,5.272186279296875,5.26153564453125
1706267687236,1,1,5.2603912353515625,5.2355194091796875
1706267687247,1,1,5.2627105712890625,5.23516845703125
1706267687259,1,1,5.2538604736328125,5.2174072265625
1706267687269,1,1,5.2427825927734375,5.2029876708984375
1706267687309,1,1,5.2391357421875,5.1920166015625
1706267687310,1,1,5.228973388671875,5.1979827880859375
1706267687314,1,1,5.2023773193359375,5.1545257568359375
1706267687327,1,1,5.182159423828125,5.1480560302734375
1706267687336,1,1,5.161895751953125,5.1325836181640625
1706267687347,1,1,5.1413116455078125,5.1503753662109375
1706267687359,1,1,5.13824462890625,5.1479949951171875
1706267687369,1,1,5.119781494140625,5.1290740966796875
1706267687381,1,1,5.1424560546875,5.1175079345703125
1706267687391,1,1,5.14288330078125,5.11376953125
1706267687403,1,1,5.127166748046875,5.0964508056640625
1706267687414,1,1,5.100006103515625,5.0862274169921875
1706267687425,1,1,5.107513427734375,5.08905029296875
1706267687461,1,1,5.101287841796875,5.0816497802734375
1706267687462,1,1,5.09686279296875,5.0951080322265625
1706267687469,1,1,5.0860748291015625,5.08306884765625
1706267687481,1,1,5.085205078125,5.068634033203125
1706267687494,1,1,5.0886688232421875,5.069610595703125
1706267687502,1,1,5.07965087890625,5.053314208984375
1706267687513,1,1,5.0765838623046875,5.039947509765625
1706267687524,1,1,5.0544891357421875,5.020355224609375
1706267687535,1,1,5.0418853759765625,5.0193328857421875
1706267687547,1,1,5.0425262451171875,5.020416259765625
1706267687558,1,1,5.0532073974609375,5.028900146484375
1706267687569,1,1,5.04052734375,5.009033203125
1706267687591,1,1,5.0342254638671875,5.012481689453125
1706267687611,1,1,5.022003173828125,5.0124053955078125
1706267687612,1,1,5.005950927734375,5.0008392333984375
1706267687613,1,1,4.9903717041015625,4.995391845703125
1706267687629,1,1,4.9813079833984375,4.97698974609375
1706267687636,1,1,4.977081298828125,4.9618988037109375
1706267687648,1,1,4.9874725341796875,4.9559173583984375
1706267687658,1,1,4.999603271484375,4.9712982177734375
1706267687669,1,1,4.9919891357421875,4.96636962890625
1706267687680,1,1,4.991668701171875,4.9592437744140625
1706267687691,1,1,4.9713897705078125,4.9586639404296875
1706267687702,1,1,4.9725341796875,4.950164794921875
1706267687714,1,1,4.9668731689453125,4.9556427001953125
1706267687725,1,1,5.0013427734375,4.9533538818359375
1706267687760,1,1,5.0005035400390625,4.9543609619140625
1706267687761,1,1,5.023529052734375,4.9493560791015625
1706267687769,1,1,5.0116119384765625,4.9699249267578125
1706267687781,1,1,4.999176025390625,4.9775390625
1706267687792,1,1,5.0003662109375,4.9643402099609375
1706267687803,1,1,5.001220703125,4.9696197509765625
1706267687814,1,1,4.9893646240234375,4.98858642578125
1706267687825,1,1,4.9901123046875,4.9910125732421875
1706267687836,1,1,4.9954833984375,5.0098419189453125
1706267687847,1,1,4.9818878173828125,5.0082244873046875
1706267687858,1,1,5.0155029296875,5.0112152099609375
1706267687869,1,1,5.02020263671875,5.020721435546875
1706267687906,1,1,5.029541015625,5.0078277587890625
1706267687907,1,1,4.9978485107421875,5.000885009765625
1706267687913,1,1,5.0187835693359375,5.0056610107421875
1706267687924,1,1,5.0292205810546875,5.0113525390625
1706267687936,1,1,5.039398193359375,5.0213775634765625
1706267687946,1,1,5.0395355224609375,5.04229736328125
1706267687957,1,1,5.063995361328125,5.041107177734375
1706267687969,1,1,5.076263427734375,5.0579986572265625
1706267687980,1,1,5.0860748291015625,5.063446044921875
1706267687991,1,1,5.0665435791015625,5.084136962890625
1706267688002,1,1,5.0805511474609375,5.0991363525390625
1706267688041,1,1,5.056060791015625,5.0938720703125
1706267688042,1,1,5.056243896484375,5.0943450927734375
1706267688047,1,1,5.0898590087890625,5.117401123046875
1706267688058,1,1,5.0907440185546875,5.1145172119140625
1706267688070,1,1,5.107940673828125,5.1277923583984375
1706267688080,1,1,5.11834716796875,5.1315155029296875
1706267688091,1,1,5.1183929443359375,5.139556884765625
1706267688102,1,1,5.1246185302734375,5.1467742919921875
1706267688113,1,1,5.1372528076171875,5.1394805908203125
1706267688124,1,1,5.1644744873046875,5.140228271484375
1706267688136,1,1,5.180755615234375,5.1486053466796875
1706267688176,1,1,5.172271728515625,5.158721923828125
1706267688177,1,1,5.1623382568359375,5.151275634765625
1706267688180,1,1,5.181884765625,5.1389617919921875
1706267688195,1,1,5.177978515625,5.1713409423828125
1706267688202,1,1,5.1985626220703125,5.22247314453125
1706267688214,1,1,5.1363067626953125,5.2401123046875
1706267688224,1,1,5.10504150390625,5.2179718017578125
1706267688236,1,1,5.115264892578125,5.1787567138671875
1706267688247,1,1,5.1182098388671875,5.1797332763671875
1706267688257,1,1,5.11138916015625,5.1703948974609375
1706267688268,1,1,5.0870513916015625,5.1637725830078125
1706267688279,1,1,5.0858612060546875,5.1591644287109375
1706267688290,1,1,5.0958251953125,5.1785888671875
1706267688324,1,1,5.084381103515625,5.170013427734375
1706267688325,1,1,5.06207275390625,5.1507415771484375
1706267688341,1,1,5.0548095703125,5.1338043212890625
1706267688347,1,1,5.047515869140625,5.122833251953125
1706267688358,1,1,5.0347137451171875,5.1212005615234375
1706267688368,1,1,5.0211334228515625,5.1138153076171875
1706267688380,1,1,5.0208892822265625,5.1099090576171875
1706267688390,1,1,5.0410614013671875,5.1491241455078125
1706267688402,1,1,5.040985107421875,5.140777587890625
1706267688413,1,1,5.03045654296875,5.1389923095703125
1706267688423,1,1,5.0174407958984375,5.1064453125
1706267688435,1,1,5.02288818359375,5.0972137451171875
1706267688474,1,1,5.027801513671875,5.0822601318359375
1706267688480,1,1,4.998077392578125,5.1071624755859375
1706267688491,1,1,4.994110107421875,5.1036376953125
1706267688502,1,1,4.99114990234375,5.0964813232421875
1706267688513,1,1,4.9878387451171875,5.0836639404296875
1706267688524,1,1,4.9892578125,5.0400238037109375
1706267688536,1,1,4.9960479736328125,5.0431365966796875
1706267688547,1,1,5.0284423828125,5.037384033203125
1706267688557,1,1,5.0284423828125,5.0859375
1706267688569,1,1,5.032867431640625,5.090362548828125
1706267688580,1,1,5.003936767578125,5.10772705078125
1706267688591,1,1,5.003936767578125,5.108489990234375
1706267688624,1,1,5.0018463134765625,5.11431884765625
1706267688625,1,1,5.0122222900390625,5.1113128662109375
1706267688639,1,1,5.0063629150390625,5.0957489013671875
1706267688646,1,1,5.0027618408203125,5.08917236328125
1706267688656,1,1,5.0027618408203125,5.101806640625
1706267688668,1,1,5.042633056640625,5.108734130859375
1706267688679,1,1,5.105133056640625,5.1204376220703125
1706267688689,1,1,5.105133056640625,5.1120452880859375
1706267688701,1,1,5.0835113525390625,5.111846923828125
1706267688713,1,1,5.03759765625,5.0955963134765625
1706267688723,1,1,5.03759765625,5.0816192626953125
1706267688762,1,1,5.0316619873046875,5.0788726806640625
1706267688763,1,1,5.045562744140625,5.0645904541015625
1706267688768,1,1,5.041015625,5.0553131103515625
1706267688779,1,1,5.0908660888671875,5.0981597900390625
1706267688789,1,1,5.0908660888671875,5.1223297119140625
1706267688801,1,1,5.29931640625,5.2721710205078125
1706267688811,0,0,nan,nan
1706267688822,0,0,nan,nan
1706267688833,0,0,nan,nan
1706267688844,0,0,nan,nan
1706267688855,0,0,nan,nan
1706267688866,0,0,nan,nan
1706267688876,0,0,nan,nan
1706267688912,0,0,nan,nan
1706267688928,0,0,nan,nan
1706267688931,0,0,nan,nan
1706267688949,0,0,nan,nan
1706267688967,0,0,nan,nan
1706267688978,0,0,nan,nan
1706267688990,0,0,nan,nan
1706267688999,0,0,nan,nan
1706267689011,0,0,nan,nan
1706267689023,0,0,nan,nan
1706267689061,0,0,nan,nan
1706267689062,0,0,nan,nan
1706267689066,0,0,nan,nan
1706267689078,0,0,nan,nan
1706267689089,0,0,nan,nan
1706267689100,0,0,nan,nan
1706267689111,0,0,nan,nan
1706267689122,0,0,nan,nan
1706267689133,0,0,nan,nan
1706267689144,0,0,nan,nan
1706267689156,0,0,nan,nan
1706267689167,0,0,nan,nan
1706267689178,0,0,nan,nan
1706267689212,0,0,nan,nan
1706267689213,0,0,nan,nan
1706267689229,0,0,nan,nan
1706267689233,0,0,nan,nan
1706267689244,0,0,nan,nan
1706267689256,0,0,nan,nan
1706267689267,0,0,nan,nan
1706267689278,0,0,nan,nan
1706267689289,0,0,nan,nan
1706267689300,0,0,nan,nan
1706267689312,0,0,nan,nan
1706267689323,0,0,nan,nan
1706267689362,0,0,nan,nan
1706267689363,0,0,nan,nan
1706267689367,0,0,nan,nan
1706267689379,0,0,nan,nan
1706267689389,0,0,nan,nan
1706267689399,0,0,nan,nan
1706267689411,0,0,nan,nan
1706267689422,0,0,nan,nan
1706267689433,0,0,nan,nan
1706267689444,0,0,nan,nan
1706267689456,0,0,nan,nan
1706267689466,0,0,nan,nan
1706267689508,0,0,nan,nan
1706267689511,0,0,nan,nan
1706267689527,0,0,nan,nan
1706267689533,0,0,nan,nan
1706267689544,0,0,nan,nan
1706267689556,0,0,nan,nan
1706267689566,0,0,nan,nan
1706267689578,0,0,nan,nan
1706267689589,0,0,nan,nan
1706267689600,0,0,nan,nan
1706267689612,0,0,nan,nan
1706267689623,0,0,nan,nan
1706267689661,0,0,nan,nan
1706267689662,0,0,nan,nan
1706267689666,0,0,nan,nan
1706267689680,0,0,nan,nan
1706267689689,0,0,nan,nan
1706267689700,0,0,nan,nan
1706267689711,0,0,nan,nan
1706267689722,0,0,nan,nan
1706267689732,0,0,nan,nan
1706267689744,0,0,nan,nan
1706267689756,0,0,nan,nan
1706267689766,0,0,nan,nan
1706267689808,0,0,nan,nan
1706267689809,0,0,nan,nan
1706267689811,0,0,nan,nan
1706267689826,0,0,nan,nan
1706267689833,0,0,nan,nan
1706267689844,0,0,nan,nan
1706267689856,0,0,nan,nan
1706267689866,0,0,nan,nan
1706267689877,0,0,nan,nan
1706267689889,0,0,nan,nan
1706267689899,0,0,nan,nan
1706267689911,0,0,nan,nan
1706267689942,0,0,nan,nan
1706267689943,0,0,nan,nan
1706267689944,0,0,nan,nan
1706267689959,0,0,nan,nan
1706267689967,0,0,nan,nan
1706267689978,0,0,nan,nan
1706267689990,0,0,nan,nan
1706267690000,0,0,nan,nan
1706267690010,0,0,nan,nan
1706267690022,0,0,nan,nan
1706267690032,0,0,nan,nan
1706267690044,0,0,nan,nan
1706267690055,0,0,nan,nan
1706267690092,0,0,nan,nan
1706267690093,0,0,nan,nan
1706267690099,0,0,nan,nan
1706267690110,0,0,nan,nan
1706267690122,0,0,nan,nan
1706267690132,0,0,nan,nan
1706267690144,0,0,nan,nan
1706267690155,0,0,nan,nan
1706267690166,0,0,nan,nan
1706267690177,0,0,nan,nan
1706267690189,0,0,nan,nan
1706267690199,0,0,nan,nan
1706267690241,0,0,nan,nan
1706267690242,0,0,nan,nan
1706267690244,0,0,nan,nan
1706267690258,0,0,nan,nan
1706267690266,0,0,nan,nan
1706267690277,0,0,nan,nan
1706267690289,0,0,nan,nan
1706267690299,0,0,nan,nan
1706267690311,0,0,nan,nan
1706267690322,0,0,nan,nan
1706267690333,0,0,nan,nan
1706267690344,0,0,nan,nan
1706267690356,0,0,nan,nan
1706267690392,0,0,nan,nan
1706267690393,0,0,nan,nan
1706267690399,0,0,nan,nan
1706267690410,0,0,nan,nan
1706267690428,0,0,nan,nan
1706267690444,0,0,nan,nan
1706267690455,0,1,nan,5.1683502197265625
1706267690466,0,1,nan,5.1683502197265625
1706267690478,0,1,nan,5.1683502197265625
1706267690489,0,1,nan,5.060089111328125
1706267690500,0,1,nan,5.060089111328125
1706267690511,0,1,nan,5.060089111328125
1706267690542,0,1,nan,5.0087432861328125
1706267690543,0,1,nan,5.0087432861328125
1706267690544,0,1,nan,5.0087432861328125
1706267690559,0,0,nan,nan
1706267690566,0,0,nan,nan
1706267690578,0,0,nan,nan
1706267690589,0,1,nan,5.1123504638671875
1706267690600,0,1,nan,5.1821441650390625
1706267690611,0,1,nan,5.1912841796875
1706267690623,0,1,nan,5.200653076171875
1706267690634,0,1,nan,5.20782470703125
1706267690645,0,1,nan,5.206390380859375
1706267690677,0,1,nan,5.2159576416015625
1706267690678,0,1,nan,5.2207183837890625
1706267690696,0,1,nan,5.2303924560546875
1706267690701,0,1,nan,5.2420501708984375
1706267690712,0,1,nan,5.2163238525390625
1706267690723,0,1,nan,5.21685791015625
1706267690734,0,1,nan,5.2120208740234375
1706267690745,0,1,nan,5.20404052734375
1706267690755,0,1,nan,5.2004547119140625
1706267690766,0,1,nan,5.1970062255859375
1706267690778,0,1,nan,5.2206268310546875
1706267690789,0,1,nan,5.21759033203125
1706267690827,0,1,nan,5.206146240234375
1706267690828,0,1,nan,5.1887054443359375
1706267690833,0,1,nan,5.1732177734375
1706267690845,0,1,nan,5.186614990234375
1706267690856,0,1,nan,5.2023773193359375
1706267690867,0,1,nan,5.0815887451171875
1706267690878,0,1,nan,5.0200653076171875
1706267690888,0,1,nan,4.9507293701171875
1706267690899,0,1,nan,4.8872222900390625
1706267690910,0,0,nan,nan
1706267690921,0,0,nan,nan
1706267690932,0,0,nan,nan
1706267690944,0,0,nan,nan
1706267690977,0,0,nan,nan
1706267690978,0,0,nan,nan
1706267690994,0,0,nan,nan
1706267691000,0,0,nan,nan
1706267691011,0,0,nan,nan
1706267691028,0,0,nan,nan
1706267691047,0,0,nan,nan
1706267691059,0,0,nan,nan
1706267691069,0,0,nan,nan
1706267691111,0,0,nan,nan
1706267691112,0,0,nan,nan
1706267691114,0,0,nan,nan
1706267691127,0,0,nan,nan
1706267691135,0,0,nan,nan
1706267691147,0,0,nan,nan
1706267691158,0,0,nan,nan
1706267691169,0,0,nan,nan
1706267691180,0,0,nan,nan
1706267691192,0,0,nan,nan
1706267691202,0,0,nan,nan
1706267691213,0,0,nan,nan
1706267691225,0,0,nan,nan
1706267691264,0,0,nan,nan
1706267691269,0,0,nan,nan
1706267691280,0,0,nan,nan
1706267691294,0,0,nan,nan
1706267691302,0,0,nan,nan
1706267691314,0,0,nan,nan
1706267691325,0,0,nan,nan
1706267691335,0,0,nan,nan
1706267691347,0,0,nan,nan
1706267691359,0,0,nan,nan
1706267691395,0,0,nan,nan
1706267691396,0,0,nan,nan
1706267691403,0,0,nan,nan
1706267691415,0,0,nan,nan
1706267691428,0,0,nan,nan
1706267691436,0,0,nan,nan
1706267691448,0,0,nan,nan
1706267691459,0,0,nan,nan
1706267691469,0,0,nan,nan
1706267691481,0,0,nan,nan
1706267691493,0,0,nan,nan
1706267691502,0,0,nan,nan
1706267691520,0,0,nan,nan
1706267691543,0,0,nan,nan
1706267691544,0,0,nan,nan
1706267691547,0,0,nan,nan
1706267691561,0,0,nan,nan
1706267691568,0,0,nan,nan
1706267691580,0,0,nan,nan
1706267691592,0,0,nan,nan
1706267691602,0,0,nan,nan
1706267691614,0,0,nan,nan
1706267691625,0,0,nan,nan
1706267691635,0,0,nan,nan
1706267691679,0,0,nan,nan
1706267691680,0,0,nan,nan
1706267691694,0,0,nan,nan
1706267691702,0,0,nan,nan
1706267691714,0,0,nan,nan
1706267691725,0,0,nan,nan
1706267691735,0,0,nan,nan
1706267691747,0,0,nan,nan
1706267691759,0,0,nan,nan
1706267691769,0,0,nan,nan
1706267691780,0,0,nan,nan
1706267691792,0,0,nan,nan
1706267691829,0,0,nan,nan
1706267691830,0,0,nan,nan
1706267691836,0,0,nan,nan
1706267691847,0,0,nan,nan
1706267691859,0,0,nan,nan
1706267691869,0,0,nan,nan
1706267691881,0,0,nan,nan
1706267691892,0,0,nan,nan
1706267691901,0,0,nan,nan
1706267691913,0,0,nan,nan
1706267691926,0,0,nan,nan
1706267691935,0,0,nan,nan
1706267691976,0,0,nan,nan
1706267691977,0,0,nan,nan
1706267691980,0,0,nan,nan
1706267691992,0,0,nan,nan
1706267692002,0,0,nan,nan
1706267692014,0,0,nan,nan
1706267692025,0,0,nan,nan
1706267692035,0,0,nan,nan
1706267692047,0,0,nan,nan
1706267692058,0,0,nan,nan
1706267692068,0,0,nan,nan
1706267692111,0,0,nan,nan
1706267692112,0,0,nan,nan
1706267692113,0,0,nan,nan
1706267692130,0,0,nan,nan
1706267692134,0,0,nan,nan
1706267692146,0,0,nan,nan
1706267692158,0,0,nan,nan
1706267692168,0,0,nan,nan
1706267692179,0,0,nan,nan
1706267692191,0,0,nan,nan
1706267692201,0,0,nan,nan
1706267692213,0,0,nan,nan
1706267692225,0,0,nan,nan
1706267692242,0,0,nan,nan
1706267692263,0,0,nan,nan
1706267692268,0,0,nan,nan
1706267692281,0,0,nan,nan
1706267692292,0,0,nan,nan
1706267692301,0,0,nan,nan
1706267692313,0,0,nan,nan
1706267692324,0,0,nan,nan
1706267692334,0,0,nan,nan
1706267692346,0,0,nan,nan
1706267692358,0,0,nan,nan
1706267692394,0,0,nan,nan
1706267692395,0,0,nan,nan
1706267692401,0,0,nan,nan
1706267692413,0,0,nan,nan
1706267692426,0,0,nan,nan
1706267692434,0,0,nan,nan
1706267692446,0,0,nan,nan
1706267692458,0,0,nan,nan
1706267692468,0,0,nan,nan
1706267692480,0,0,nan,nan
1706267692491,0,0,nan,nan
1706267692501,0,0,nan,nan
1706267692523,0,0,nan,nan
1706267692544,0,0,nan,nan
1706267692545,0,0,nan,nan
1706267692546,0,0,nan,nan
1706267692560,0,0,nan,nan
1706267692567,0,0,nan,nan
1706267692579,0,0,nan,nan
1706267692591,0,0,nan,nan
1706267692601,0,0,nan,nan
1706267692613,0,0,nan,nan
1706267692625,0,0,nan,nan
1706267692634,0,0,nan,nan
1706267692646,0,0,nan,nan
1706267692678,0,0,nan,nan
1706267692679,0,0,nan,nan
1706267692697,0,0,nan,nan
1706267692701,0,0,nan,nan
1706267692713,0,0,nan,nan
1706267692724,0,0,nan,nan
1706267692734,0,0,nan,nan
1706267692746,0,0,nan,nan
1706267692758,0,0,nan,nan
1706267692768,0,0,nan,nan
1706267692779,0,0,nan,nan
1706267692791,0,0,nan,nan
1706267692831,0,0,nan,nan
1706267692832,0,0,nan,nan
1706267692835,0,0,nan,nan
1706267692848,0,0,nan,nan
1706267692858,0,0,nan,nan
1706267692868,0,0,nan,nan
1706267692880,0,0,nan,nan
1706267692891,0,0,nan,nan
1706267692901,0,0,nan,nan
1706267692913,0,0,nan,nan
1706267692924,0,0,nan,nan
1706267692934,0,0,nan,nan
1706267692945,0,0,nan,nan
1706267692978,0,0,nan,nan
1706267692979,0,0,nan,nan
1706267692995,0,0,nan,nan
1706267693001,0,0,nan,nan
1706267693013,0,0,nan,nan
1706267693024,0,0,nan,nan
1706267693034,0,0,nan,nan
1706267693046,0,0,nan,nan
1706267693057,0,0,nan,nan
1706267693068,0,0,nan,nan
1706267693110,0,0,nan,nan
1706267693112,0,0,nan,nan
1706267693127,0,0,nan,nan
1706267693135,0,0,nan,nan
1706267693146,0,0,nan,nan
1706267693157,0,0,nan,nan
1706267693168,0,0,nan,nan
1706267693180,0,0,nan,nan
1706267693191,0,0,nan,nan
1706267693201,0,0,nan,nan
1706267693214,0,0,nan,nan
1706267693224,0,0,nan,nan
1706267693263,0,0,nan,nan
1706267693268,0,0,nan,nan
1706267693279,0,0,nan,nan
1706267693293,0,0,nan,nan
1706267693300,0,0,nan,nan
1706267693312,0,0,nan,nan
1706267693324,0,0,nan,nan
1706267693334,0,0,nan,nan
1706267693345,0,0,nan,nan
1706267693357,0,0,nan,nan
1706267693397,0,0,nan,nan
1706267693400,0,0,nan,nan
1706267693414,0,0,nan,nan
1706267693423,0,0,nan,nan
1706267693434,0,0,nan,nan
1706267693446,0,0,nan,nan
1706267693457,0,0,nan,nan
1706267693467,0,0,nan,nan
1706267693479,0,0,nan,nan
1706267693490,0,0,nan,nan
1706267693501,0,0,nan,nan
1706267693512,0,0,nan,nan
1706267693543,0,0,nan,nan
1706267693544,0,0,nan,nan
1706267693545,0,0,nan,nan
1706267693561,0,0,nan,nan
1706267693568,0,0,nan,nan
1706267693579,0,0,nan,nan
1706267693590,0,0,nan,nan
1706267693601,0,0,nan,nan
1706267693612,0,0,nan,nan
1706267693624,0,0,nan,nan
1706267693634,0,0,nan,nan
1706267693646,0,0,nan,nan
1706267693657,0,0,nan,nan
1706267693694,0,0,nan,nan
1706267693695,0,0,nan,nan
1706267693700,0,0,nan,nan
1706267693714,0,0,nan,nan
1706267693723,0,0,nan,nan
1706267693733,0,0,nan,nan
1706267693745,0,0,nan,nan
1706267693757,0,0,nan,nan
1706267693767,0,0,nan,nan
1706267693778,0,0,nan,nan
1706267693790,0,0,nan,nan
1706267693800,0,0,nan,nan
1706267693812,0,0,nan,nan
1706267693845,0,0,nan,nan
1706267693864,0,0,nan,nan
1706267693867,0,0,nan,nan
1706267693878,0,0,nan,nan
1706267693890,0,0,nan,nan
1706267693900,0,0,nan,nan
1706267693911,0,0,nan,nan
1706267693923,0,0,nan,nan
1706267693934,0,0,nan,nan
1706267693945,0,0,nan,nan
1706267693992,0,0,nan,nan
1706267694011,0,0,nan,nan
1706267694012,0,0,nan,nan
1706267694025,0,0,nan,nan
1706267694034,0,0,nan,nan
1706267694045,0,0,nan,nan
1706267694057,0,0,nan,nan
1706267694067,0,0,nan,nan
1706267694078,0,0,nan,nan
1706267694091,0,0,nan,nan
1706267694101,0,0,nan,nan
1706267694112,0,0,nan,nan
1706267694147,0,0,nan,nan
1706267694148,0,0,nan,nan
1706267694153,0,0,nan,nan
1706267694168,0,0,nan,nan
1706267694180,0,0,nan,nan
1706267694190,0,0,nan,nan
1706267694201,0,0,nan,nan
1706267694212,0,0,nan,nan
1706267694224,0,0,nan,nan
1706267694235,0,0,nan,nan
1706267694246,0,0,nan,nan
1706267694257,0,0,nan,nan
1706267694279,0,0,nan,nan
1706267694299,0,0,nan,nan
1706267694300,0,0,nan,nan
1706267694301,0,0,nan,nan
1706267694316,0,0,nan,nan
1706267694324,1,0,5.082061767578125,nan
1706267694335,1,0,5.2163238525390625,nan
1706267694347,1,0,5.222564697265625,nan
1706267694358,1,0,5.2454681396484375,nan
1706267694369,1,0,5.2584991455078125,nan
1706267694380,1,0,5.2588348388671875,nan
1706267694391,1,0,5.268524169921875,nan
1706267694402,1,0,5.25433349609375,nan
1706267694413,1,0,5.243927001953125,nan
1706267694447,1,0,5.2425689697265625,nan
1706267694448,1,0,5.24462890625,nan
1706267694464,1,0,5.2358245849609375,nan
1706267694469,1,0,5.21624755859375,nan
1706267694482,1,0,5.1980743408203125,nan
1706267694491,1,0,5.202117919921875,nan
1706267694502,1,0,5.172119140625,nan
1706267694514,1,0,5.170257568359375,nan
1706267694525,1,0,5.1606597900390625,nan
1706267694535,1,0,5.1340179443359375,nan
1706267694546,1,0,5.123321533203125,nan
1706267694558,1,0,5.1130828857421875,nan
1706267694576,1,0,5.083282470703125,nan
1706267694595,1,0,5.09698486328125,nan
1706267694596,1,0,5.0860443115234375,nan
1706267694602,1,0,5.06317138671875,nan
1706267694613,1,0,5.0539703369140625,nan
1706267694626,1,0,5.0506591796875,nan
1706267694635,1,0,5.0415191650390625,nan
1706267694646,1,0,5.0121917724609375,nan
1706267694657,1,0,4.9817047119140625,nan
1706267694668,1,0,4.9175567626953125,nan
1706267694680,1,0,4.923309326171875,nan
1706267694691,1,0,4.918365478515625,nan
1706267694729,1,0,4.9055328369140625,nan
1706267694730,1,0,4.8972320556640625,nan
1706267694735,1,0,4.878753662109375,nan
1706267694746,1,0,4.879364013671875,nan
1706267694760,1,0,4.8649749755859375,nan
1706267694769,1,0,4.842071533203125,nan
1706267694780,1,0,4.8310089111328125,nan
1706267694791,1,0,4.81781005859375,nan
1706267694802,1,0,4.8045196533203125,nan
1706267694813,1,0,4.8037261962890625,nan
1706267694824,1,0,4.8116302490234375,nan
1706267694835,1,0,4.7974395751953125,nan
1706267694846,1,0,4.7891693115234375,nan
1706267694881,1,0,4.7926025390625,nan
1706267694882,1,0,4.7461700439453125,nan
1706267694897,1,0,4.7461700439453125,nan
1706267694901,0,0,nan,nan
1706267694911,0,0,nan,nan
1706267694922,0,0,nan,nan
1706267694933,0,0,nan,nan
1706267694945,0,0,nan,nan
1706267694956,0,0,nan,nan
1706267694967,0,0,nan,nan
1706267694979,0,0,nan,nan
1706267695012,0,0,nan,nan
1706267695017,0,0,nan,nan
1706267695037,0,0,nan,nan
1706267695049,0,0,nan,nan
1706267695060,0,0,nan,nan
1706267695070,0,0,nan,nan
1706267695081,0,0,nan,nan
1706267695093,0,0,nan,nan
1706267695103,0,0,nan,nan
1706267695114,0,0,nan,nan
1706267695126,0,0,nan,nan
1706267695167,0,0,nan,nan
1706267695170,0,0,nan,nan
1706267695183,0,0,nan,nan
1706267695193,0,0,nan,nan
1706267695203,0,0,nan,nan
1706267695214,0,0,nan,nan
1706267695226,0,0,nan,nan
1706267695236,0,0,nan,nan
1706267695248,0,0,nan,nan
1706267695260,0,0,nan,nan
1706267695270,0,0,nan,nan
1706267695313,0,0,nan,nan
1706267695314,0,0,nan,nan
1706267695330,0,0,nan,nan
1706267695337,0,0,nan,nan
1706267695348,0,0,nan,nan
1706267695360,0,0,nan,nan
1706267695370,0,0,nan,nan
1706267695380,0,0,nan,nan
1706267695392,0,0,nan,nan
1706267695402,0,0,nan,nan
1706267695414,0,0,nan,nan
1706267695426,0,0,nan,nan
1706267695463,0,0,nan,nan
1706267695464,0,0,nan,nan
1706267695469,0,0,nan,nan
1706267695481,0,0,nan,nan
1706267695493,0,0,nan,nan
1706267695503,0,0,nan,nan
1706267695514,0,0,nan,nan
1706267695526,0,0,nan,nan
1706267695536,0,0,nan,nan
1706267695547,0,0,nan,nan
1706267695560,0,0,nan,nan
1706267695570,0,0,nan,nan
1706267695593,0,0,nan,nan
1706267695614,0,0,nan,nan
1706267695630,0,0,nan,nan
1706267695636,0,0,nan,nan
1706267695648,0,0,nan,nan
1706267695660,0,0,nan,nan
1706267695670,0,0,nan,nan
1706267695681,0,0,nan,nan
1706267695693,0,0,nan,nan
1706267695703,0,0,nan,nan
1706267695714,0,0,nan,nan
1706267695750,0,0,nan,nan
1706267695751,0,0,nan,nan
1706267695760,0,0,nan,nan
1706267695770,0,0,nan,nan
1706267695781,0,0,nan,nan
1706267695793,0,0,nan,nan
1706267695803,0,0,nan,nan
1706267695813,0,0,nan,nan
1706267695826,0,0,nan,nan
1706267695835,0,0,nan,nan
1706267695848,0,0,nan,nan
1706267695860,0,0,nan,nan
1706267695899,0,0,nan,nan
1706267695900,0,0,nan,nan
1706267695903,0,0,nan,nan
1706267695917,0,0,nan,nan
1706267695926,0,0,nan,nan
1706267695936,0,0,nan,nan
1706267695948,0,0,nan,nan
1706267695960,0,0,nan,nan
1706267695969,0,0,nan,nan
1706267695981,0,0,nan,nan
1706267695993,0,0,nan,nan
1706267696003,0,0,nan,nan
1706267696015,0,0,nan,nan
1706267696047,0,0,nan,nan
1706267696048,0,0,nan,nan
1706267696066,0,0,nan,nan
1706267696069,0,0,nan,nan
1706267696081,0,0,nan,nan
1706267696093,0,0,nan,nan
1706267696102,0,0,nan,nan
1706267696113,0,0,nan,nan
1706267696126,0,0,nan,nan
1706267696136,0,0,nan,nan
1706267696148,0,0,nan,nan
1706267696180,0,0,nan,nan
1706267696181,0,0,nan,nan
1706267696196,0,0,nan,nan
1706267696203,0,0,nan,nan
1706267696215,0,0,nan,nan
1706267696226,0,0,nan,nan
1706267696235,0,0,nan,nan
1706267696247,0,0,nan,nan
1706267696259,0,0,nan,nan
1706267696269,0,0,nan,nan
1706267696280,0,0,nan,nan
1706267696292,0,0,nan,nan
1706267696311,0,0,nan,nan
1706267696333,0,0,nan,nan
1706267696335,0,0,nan,nan
1706267696350,0,0,nan,nan
1706267696359,0,0,nan,nan
1706267696370,0,0,nan,nan
1706267696380,0,0,nan,nan
1706267696392,0,0,nan,nan
1706267696402,0,0,nan,nan
1706267696413,0,0,nan,nan
1706267696425,0,0,nan,nan
1706267696436,0,0,nan,nan
1706267696447,0,0,nan,nan
1706267696481,0,0,nan,nan
1706267696482,0,0,nan,nan
1706267696498,0,0,nan,nan
1706267696502,0,0,nan,nan
1706267696515,0,0,nan,nan
1706267696526,0,0,nan,nan
1706267696536,0,0,nan,nan
1706267696547,0,0,nan,nan
1706267696559,0,0,nan,nan
1706267696569,0,0,nan,nan
1706267696581,0,0,nan,nan
1706267696592,0,0,nan,nan
1706267696632,0,0,nan,nan
1706267696635,0,0,nan,nan
1706267696648,0,0,nan,nan
1706267696658,0,0,nan,nan
1706267696668,0,0,nan,nan
1706267696680,0,0,nan,nan
1706267696692,0,0,nan,nan
1706267696702,0,0,nan,nan
1706267696713,0,0,nan,nan
1706267696725,0,0,nan,nan
1706267696735,0,0,nan,nan
1706267696747,0,0,nan,nan
1706267696780,0,0,nan,nan
1706267696781,0,0,nan,nan
1706267696800,0,0,nan,nan
1706267696802,0,0,nan,nan
1706267696814,0,0,nan,nan
1706267696825,0,0,nan,nan
1706267696835,0,0,nan,nan
1706267696847,0,0,nan,nan
1706267696858,0,0,nan,nan
1706267696869,0,0,nan,nan
1706267696881,0,0,nan,nan
1706267696892,0,0,nan,nan
1706267696935,0,0,nan,nan
1706267696936,0,0,nan,nan
1706267696951,0,0,nan,nan
1706267696959,0,0,nan,nan
1706267696969,0,0,nan,nan
1706267696980,0,0,nan,nan
1706267696991,0,0,nan,nan
1706267697002,0,0,nan,nan
1706267697013,0,0,nan,nan
1706267697025,0,0,nan,nan
1706267697035,0,0,nan,nan
1706267697046,0,0,nan,nan
1706267697082,0,0,nan,nan
1706267697083,0,0,nan,nan
1706267697099,0,0,nan,nan
1706267697102,0,0,nan,nan
1706267697114,0,0,nan,nan
1706267697125,0,0,nan,nan
1706267697135,0,0,nan,nan
1706267697147,0,0,nan,nan
1706267697158,0,0,nan,nan
1706267697169,0,0,nan,nan
1706267697180,0,0,nan,nan
1706267697192,0,0,nan,nan
1706267697232,0,0,nan,nan
1706267697233,0,0,nan,nan
1706267697235,0,0,nan,nan
1706267697250,0,0,nan,nan
1706267697258,0,0,nan,nan
1706267697269,0,0,nan,nan
1706267697280,0,0,nan,nan
1706267697292,0,0,nan,nan
1706267697302,0,0,nan,nan
1706267697314,0,0,nan,nan
1706267697325,0,0,nan,nan
1706267697367,0,0,nan,nan
1706267697368,0,0,nan,nan
1706267697385,0,0,nan,nan
1706267697391,0,0,nan,nan
1706267697403,0,0,nan,nan
1706267697412,0,0,nan,nan
1706267697424,0,0,nan,nan
1706267697435,0,0,nan,nan
1706267697446,0,0,nan,nan
1706267697458,0,0,nan,nan
1706267697468,0,0,nan,nan
1706267697480,0,0,nan,nan
1706267697516,0,0,nan,nan
1706267697517,0,0,nan,nan
1706267697524,0,0,nan,nan
1706267697535,0,0,nan,nan
1706267697548,0,0,nan,nan
1706267697558,0,0,nan,nan
1706267697568,0,0,nan,nan
1706267697580,0,0,nan,nan
1706267697591,0,0,nan,nan
1706267697602,0,0,nan,nan
1706267697613,0,0,nan,nan
1706267697625,0,0,nan,nan
1706267697646,0,0,nan,nan
1706267697666,0,0,nan,nan
1706267697667,0,0,nan,nan
1706267697669,0,0,nan,nan
1706267697682,0,0,nan,nan
1706267697691,0,0,nan,nan
1706267697702,0,0,nan,nan
1706267697714,0,0,nan,nan
1706267697724,0,0,nan,nan
1706267697735,0,0,nan,nan
1706267697746,0,0,nan,nan
1706267697758,0,0,nan,nan
1706267697798,0,0,nan,nan
1706267697801,0,0,nan,nan
1706267697814,0,0,nan,nan
1706267697824,0,0,nan,nan
1706267697835,0,0,nan,nan
1706267697846,0,0,nan,nan
1706267697858,0,0,nan,nan
1706267697868,0,0,nan,nan
1706267697879,0,0,nan,nan
1706267697891,0,0,nan,nan
1706267697902,0,0,nan,nan
1706267697913,0,0,nan,nan
1706267697950,0,0,nan,nan
1706267697951,0,0,nan,nan
1706267697957,0,0,nan,nan
1706267697968,0,0,nan,nan
1706267697981,0,0,nan,nan
1706267697991,0,0,nan,nan
1706267698002,0,0,nan,nan
1706267698013,0,0,nan,nan
1706267698024,0,0,nan,nan
1706267698035,0,0,nan,nan
1706267698046,0,0,nan,nan
1706267698058,0,0,nan,nan
1706267698078,0,0,nan,nan
1706267698098,0,0,nan,nan
1706267698101,0,0,nan,nan
1706267698113,0,0,nan,nan
1706267698126,0,0,nan,nan
1706267698134,0,0,nan,nan
1706267698145,0,0,nan,nan
1706267698157,0,0,nan,nan
1706267698168,0,0,nan,nan
1706267698179,0,0,nan,nan
1706267698190,0,0,nan,nan
1706267698201,0,0,nan,nan
1706267698233,0,0,nan,nan
1706267698234,0,0,nan,nan
1706267698250,0,0,nan,nan
1706267698257,0,0,nan,nan
1706267698268,0,0,nan,nan
1706267698279,0,0,nan,nan
1706267698291,0,0,nan,nan
1706267698301,0,0,nan,nan
1706267698312,0,0,nan,nan
1706267698324,0,0,nan,nan
1706267698335,0,0,nan,nan
1706267698346,0,0,nan,nan
1706267698384,0,0,nan,nan
1706267698385,0,0,nan,nan
1706267698391,0,0,nan,nan
1706267698402,0,0,nan,nan
1706267698412,0,0,nan,nan
1706267698424,0,0,nan,nan
1706267698435,0,0,nan,nan
1706267698446,0,0,nan,nan
1706267698458,0,0,nan,nan
1706267698468,0,0,nan,nan
1706267698479,0,0,nan,nan
1706267698490,0,0,nan,nan
1706267698501,0,0,nan,nan
1706267698533,0,0,nan,nan
1706267698534,0,0,nan,nan
1706267698551,0,0,nan,nan
1706267698557,0,0,nan,nan
1706267698568,0,0,nan,nan
1706267698579,0,0,nan,nan
1706267698590,0,0,nan,nan
1706267698601,0,0,nan,nan
1706267698612,0,0,nan,nan
1706267698632,0,0,nan,nan
1706267698646,0,0,nan,nan
1706267698686,0,0,nan,nan
1706267698687,0,0,nan,nan
1706267698691,0,1,nan,4.8085479736328125
1706267698703,0,1,nan,4.8085479736328125
1706267698714,0,1,nan,4.8085479736328125
1706267698725,0,1,nan,4.9762725830078125
1706267698736,0,1,nan,4.9762725830078125
1706267698747,0,1,nan,4.9762725830078125
1706267698758,0,1,nan,5.0848541259765625
1706267698769,0,1,nan,5.0848541259765625
1706267698780,0,1,nan,5.0851898193359375
1706267698792,0,1,nan,5.085723876953125
1706267698832,0,1,nan,5.085723876953125
1706267698833,0,1,nan,5.106689453125
1706267698836,0,1,nan,5.106689453125
1706267698846,0,1,nan,5.106689453125
1706267698857,0,1,nan,5.034393310546875
1706267698868,0,1,nan,5.034393310546875
1706267698879,0,1,nan,5.034393310546875
1706267698890,0,0,nan,nan
1706267698902,0,1,nan,5.1166229248046875
1706267698913,0,1,nan,5.1001129150390625
1706267698925,0,1,nan,5.09466552734375
1706267698935,0,1,nan,5.12493896484375
1706267698946,0,1,nan,5.1432342529296875
1706267698983,0,1,nan,5.1524505615234375
1706267698992,0,1,nan,5.164581298828125
1706267699003,0,1,nan,5.1650390625
1706267699015,0,1,nan,5.1650390625
1706267699025,0,1,nan,5.1636199951171875
1706267699036,0,1,nan,5.15606689453125
1706267699046,0,1,nan,5.1553955078125
1706267699057,0,1,nan,5.1596527099609375
1706267699069,0,1,nan,5.1405487060546875
1706267699080,0,1,nan,5.132080078125
1706267699091,0,1,nan,5.1166229248046875
1706267699112,0,1,nan,5.0864715576171875
1706267699133,0,1,nan,5.0723724365234375
1706267699135,0,1,nan,5.047271728515625
1706267699149,0,1,nan,5.0575103759765625
1706267699158,0,1,nan,5.0412750244140625
1706267699169,0,1,nan,5.0066680908203125
1706267699180,0,1,nan,4.9907073974609375
1706267699191,0,1,nan,4.9834747314453125
1706267699202,0,1,nan,4.9568023681640625
1706267699213,0,1,nan,4.9443206787109375
1706267699224,0,1,nan,4.9355316162109375
1706267699235,0,1,nan,4.9081878662109375
1706267699272,0,1,nan,4.8939361572265625
1706267699273,0,1,nan,4.8824005126953125
1706267699280,0,1,nan,4.850830078125
1706267699291,0,1,nan,4.8479461669921875
1706267699304,0,1,nan,4.822509765625
1706267699314,0,1,nan,4.8116455078125
1706267699325,0,1,nan,4.8034515380859375
1706267699336,0,1,nan,4.790863037109375
1706267699347,0,1,nan,4.794952392578125
1706267699358,0,1,nan,4.7966461181640625
1706267699369,0,1,nan,4.78033447265625
1706267699380,0,1,nan,4.7693328857421875
1706267699422,0,1,nan,4.7652587890625
1706267699423,0,1,nan,4.7581634521484375
1706267699424,0,1,nan,4.74859619140625
1706267699440,0,1,nan,4.7408599853515625
1706267699448,1,1,4.7112884521484375,4.729949951171875
1706267699459,1,1,4.7226104736328125,4.7287445068359375
1706267699470,1,1,4.741363525390625,4.7179718017578125
1706267699481,1,1,4.736724853515625,4.71978759765625
1706267699492,1,1,4.7690887451171875,4.7148284912109375
1706267699504,1,1,4.7715606689453125,4.71795654296875
1706267699515,1,1,4.7693328857421875,4.7181549072265625
1706267699526,1,1,4.7421722412109375,4.7217559814453125
1706267699546,1,1,4.7404022216796875,4.7212677001953125
1706267699566,1,1,4.74169921875,4.7354736328125
1706267699567,1,1,4.7436065673828125,4.7340545654296875
1706267699570,1,1,4.751068115234375,4.734283447265625
1706267699583,1,1,4.755126953125,4.7257080078125
1706267699593,1,1,4.747467041015625,4.7367706298828125
1706267699604,1,1,4.7470245361328125,4.7398834228515625
1706267699615,1,1,4.7522125244140625,4.7545166015625
1706267699626,1,1,4.7661895751953125,4.772705078125
1706267699637,1,1,4.7611541748046875,4.7791290283203125
1706267699649,1,1,4.8011322021484375,4.7729034423828125
1706267699659,1,1,4.78167724609375,4.7566070556640625
1706267699701,1,1,4.7864990234375,4.7736968994140625
1706267699702,1,1,4.7833251953125,4.7737274169921875
1706267699704,1,1,4.757720947265625,4.7678680419921875
1706267699717,1,1,4.758453369140625,4.76605224609375
1706267699726,1,1,4.765045166015625,4.7591552734375
1706267699737,1,1,4.773956298828125,4.7639617919921875
1706267699749,1,1,4.771759033203125,4.7747039794921875
1706267699760,1,1,4.7711639404296875,4.786285400390625
1706267699771,1,1,4.7772979736328125,4.787872314453125
1706267699782,1,1,4.7952728271484375,4.778289794921875
1706267699792,1,1,4.80078125,4.773681640625
1706267699803,1,1,4.8080596923828125,4.7873077392578125
1706267699815,1,1,4.79876708984375,4.798187255859375
1706267699851,1,1,4.802947998046875,4.805389404296875
1706267699852,1,1,4.80364990234375,4.81011962890625
1706267699859,1,1,4.8015289306640625,4.811187744140625
1706267699870,1,1,4.8003082275390625,4.809173583984375
1706267699882,1,1,4.8010101318359375,4.8141021728515625
1706267699892,1,1,4.8095550537109375,4.8115386962890625
1706267699903,1,1,4.8091583251953125,4.81854248046875
1706267699915,1,1,4.8093414306640625,4.81414794921875
1706267699926,1,1,4.8053436279296875,4.823028564453125
1706267699937,1,1,4.8098602294921875,4.8231353759765625
1706267699948,1,1,4.8049468994140625,4.8267364501953125
1706267699959,1,1,4.811279296875,4.82666015625
1706267700000,1,1,4.80731201171875,4.8336944580078125
1706267700001,1,1,4.8099365234375,4.84527587890625
1706267700004,1,1,4.79779052734375,4.854339599609375
1706267700017,1,1,4.8017120361328125,4.84088134765625
1706267700026,1,1,4.8090667724609375,4.8570404052734375
1706267700038,1,1,4.82293701171875,4.86285400390625
1706267700048,1,1,4.8239288330078125,4.8740386962890625
1706267700059,1,1,4.821044921875,4.8586273193359375
1706267700070,1,1,4.8137359619140625,4.86212158203125
1706267700081,1,1,4.8025360107421875,4.86865234375
1706267700093,1,1,4.81585693359375,4.879730224609375
1706267700104,1,1,4.842742919921875,4.87457275390625
1706267700115,1,1,4.8346099853515625,4.86895751953125
1706267700152,1,1,4.8171539306640625,4.86572265625
1706267700160,1,1,4.7840423583984375,4.8472747802734375
1706267700169,1,1,4.7824859619140625,4.8396453857421875
1706267700183,1,1,4.78021240234375,4.8444976806640625
1706267700192,1,1,4.7809295654296875,4.849365234375
1706267700203,1,1,4.7608489990234375,4.833831787109375
1706267700214,1,1,4.743682861328125,4.805816650390625
1706267700225,1,1,4.7348480224609375,4.801513671875
1706267700236,1,1,4.724273681640625,4.7946319580078125
1706267700248,1,1,4.728118896484375,4.8028106689453125
1706267700259,1,1,4.71759033203125,4.79913330078125
1706267700298,1,1,4.7062835693359375,4.7823028564453125
1706267700299,1,1,4.71942138671875,4.7891845703125
1706267700303,1,1,4.709442138671875,4.772216796875
1706267700315,1,1,4.692413330078125,4.7692718505859375
1706267700326,1,1,4.6869659423828125,4.774993896484375
1706267700336,1,1,4.6808624267578125,4.7662811279296875
1706267700348,1,1,4.699371337890625,4.7611083984375
1706267700359,1,1,4.7065277099609375,4.7611236572265625
1706267700370,1,1,4.7049102783203125,4.7589263916015625
1706267700381,1,1,4.6875152587890625,4.76458740234375
1706267700392,1,1,4.685638427734375,4.7612762451171875
1706267700434,1,1,4.6827239990234375,4.764129638671875
1706267700435,1,1,4.70513916015625,4.778900146484375
1706267700436,1,1,4.7332763671875,4.857635498046875
1706267700450,1,0,4.7076873779296875,nan
1706267700457,0,0,nan,nan
1706267700469,0,0,nan,nan
1706267700479,0,0,nan,nan
1706267700490,0,0,nan,nan
1706267700501,0,0,nan,nan
1706267700513,0,0,nan,nan
1706267700524,0,0,nan,nan
1706267700534,0,0,nan,nan
1706267700545,0,0,nan,nan
1706267700566,0,0,nan,nan
1706267700586,0,0,nan,nan
1706267700587,0,0,nan,nan
1706267700593,0,0,nan,nan
1706267700613,0,0,nan,nan
1706267700624,0,0,nan,nan
1706267700635,0,0,nan,nan
1706267700646,0,0,nan,nan
1706267700658,0,0,nan,nan
1706267700668,0,0,nan,nan
1706267700679,0,0,nan,nan
1706267700691,0,0,nan,nan
1706267700701,0,0,nan,nan
1706267700736,0,0,nan,nan
1706267700737,0,0,nan,nan
1706267700753,0,0,nan,nan
1706267700757,0,0,nan,nan
1706267700769,0,0,nan,nan
1706267700779,0,0,nan,nan
1706267700791,0,0,nan,nan
1706267700801,0,0,nan,nan
1706267700813,0,0,nan,nan
1706267700824,0,0,nan,nan
1706267700835,0,0,nan,nan
1706267700846,0,0,nan,nan
1706267700866,0,0,nan,nan
1706267700885,0,0,nan,nan
1706267700886,0,0,nan,nan
1706267700891,0,0,nan,nan
1706267700904,0,0,nan,nan
1706267700913,0,0,nan,nan
1706267700924,0,0,nan,nan
1706267700935,0,0,nan,nan
1706267700946,0,0,nan,nan
1706267700957,0,0,nan,nan
1706267700967,0,0,nan,nan
1706267700979,0,0,nan,nan
1706267701019,0,0,nan,nan
1706267701020,0,0,nan,nan
1706267701024,0,0,nan,nan
1706267701036,0,0,nan,nan
1706267701045,0,0,nan,nan
1706267701057,0,0,nan,nan
1706267701067,0,0,nan,nan
1706267701079,0,0,nan,nan
1706267701091,0,0,nan,nan
1706267701101,0,0,nan,nan
1706267701113,0,0,nan,nan
1706267701124,0,0,nan,nan
1706267701134,0,0,nan,nan
1706267701170,0,0,nan,nan
1706267701171,0,0,nan,nan
1706267701186,0,0,nan,nan
1706267701191,0,0,nan,nan
1706267701201,0,0,nan,nan
1706267701213,0,0,nan,nan
1706267701224,0,0,nan,nan
1706267701235,0,0,nan,nan
1706267701246,0,0,nan,nan
1706267701258,0,0,nan,nan
1706267701268,0,0,nan,nan
1706267701303,0,0,nan,nan
1706267701304,0,0,nan,nan
1706267701312,0,0,nan,nan
1706267701324,0,0,nan,nan
1706267701335,0,0,nan,nan
1706267701346,0,0,nan,nan
1706267701357,0,0,nan,nan
1706267701368,0,0,nan,nan
1706267701379,0,0,nan,nan
1706267701391,0,0,nan,nan
1706267701401,0,0,nan,nan
1706267701413,0,0,nan,nan
1706267701455,0,0,nan,nan
1706267701456,0,0,nan,nan
1706267701458,0,0,nan,nan
1706267701471,0,0,nan,nan
1706267701480,0,0,nan,nan
1706267701491,0,0,nan,nan
1706267701501,0,0,nan,nan
1706267701513,0,0,nan,nan
1706267701524,0,0,nan,nan
1706267701535,0,0,nan,nan
1706267701545,0,0,nan,nan
1706267701558,0,0,nan,nan
1706267701567,0,0,nan,nan
1706267701606,0,0,nan,nan
1706267701612,0,0,nan,nan
1706267701623,0,0,nan,nan
1706267701634,0,0,nan,nan
1706267701645,0,0,nan,nan
1706267701657,0,0,nan,nan
1706267701667,0,0,nan,nan
1706267701679,0,0,nan,nan
1706267701690,0,0,nan,nan
1706267701701,0,0,nan,nan
1706267701738,0,0,nan,nan
1706267701739,0,0,nan,nan
1706267701746,0,0,nan,nan
1706267701757,0,0,nan,nan
1706267701767,0,0,nan,nan
1706267701779,0,0,nan,nan
1706267701790,0,0,nan,nan
1706267701801,0,0,nan,nan
1706267701812,0,0,nan,nan
1706267701824,0,0,nan,nan
1706267701834,0,0,nan,nan
1706267701846,0,0,nan,nan
1706267701867,0,0,nan,nan
1706267701887,0,0,nan,nan
1706267701891,0,0,nan,nan
1706267701904,0,0,nan,nan
1706267701912,0,0,nan,nan
1706267701923,0,0,nan,nan
1706267701933,0,0,nan,nan
1706267701945,0,0,nan,nan
1706267701956,0,0,nan,nan
1706267701967,0,0,nan,nan
1706267701978,0,0,nan,nan
1706267702020,0,0,nan,nan
1706267702021,0,0,nan,nan
1706267702023,0,0,nan,nan
1706267702038,0,0,nan,nan
1706267702045,0,0,nan,nan
1706267702057,0,0,nan,nan
1706267702067,0,0,nan,nan
1706267702079,0,0,nan,nan
1706267702090,0,0,nan,nan
1706267702100,0,0,nan,nan
1706267702112,0,0,nan,nan
1706267702123,0,0,nan,nan
1706267702134,0,0,nan,nan
1706267702172,0,0,nan,nan
1706267702179,0,0,nan,nan
1706267702190,0,0,nan,nan
1706267702202,0,0,nan,nan
1706267702212,0,0,nan,nan
1706267702224,0,0,nan,nan
1706267702234,0,0,nan,nan
1706267702245,0,0,nan,nan
1706267702257,0,0,nan,nan
1706267702267,0,0,nan,nan
1706267702279,0,0,nan,nan
1706267702320,0,0,nan,nan
1706267702322,0,0,nan,nan
1706267702323,0,0,nan,nan
1706267702339,0,0,nan,nan
1706267702345,0,0,nan,nan
1706267702357,0,0,nan,nan
1706267702367,0,0,nan,nan
1706267702378,0,0,nan,nan
1706267702390,0,0,nan,nan
1706267702400,0,0,nan,nan
1706267702411,0,0,nan,nan
1706267702423,0,0,nan,nan
1706267702434,0,0,nan,nan
1706267702471,0,0,nan,nan
1706267702472,0,0,nan,nan
1706267702479,0,0,nan,nan
1706267702490,0,0,nan,nan
1706267702501,0,0,nan,nan
1706267702512,0,0,nan,nan
1706267702523,0,0,nan,nan
1706267702534,0,0,nan,nan
1706267702545,0,0,nan,nan
1706267702557,0,0,nan,nan
1706267702567,0,0,nan,nan
1706267702579,0,0,nan,nan
1706267702590,0,0,nan,nan
1706267702621,0,0,nan,nan
1706267702622,0,0,nan,nan
1706267702624,0,0,nan,nan
1706267702639,0,0,nan,nan
1706267702645,0,0,nan,nan
1706267702657,0,0,nan,nan
1706267702666,0,0,nan,nan
1706267702678,0,0,nan,nan
1706267702690,0,0,nan,nan
1706267702700,0,0,nan,nan
1706267702711,0,0,nan,nan
1706267702723,0,0,nan,nan
1706267702734,0,0,nan,nan
1706267702770,0,0,nan,nan
1706267702771,0,0,nan,nan
1706267702778,0,0,nan,nan
1706267702789,0,0,nan,nan
1706267702801,0,0,nan,nan
1706267702811,0,0,nan,nan
1706267702823,0,0,nan,nan
1706267702833,0,0,nan,nan
1706267702845,0,0,nan,nan
1706267702856,0,0,nan,nan
1706267702867,0,0,nan,nan
1706267702878,0,0,nan,nan
1706267702900,0,0,nan,nan
1706267702920,0,0,nan,nan
1706267702921,0,0,nan,nan
1706267702923,0,0,nan,nan
1706267702937,0,0,nan,nan
1706267702945,0,0,nan,nan
1706267702957,0,0,nan,nan
1706267702967,0,0,nan,nan
1706267702979,0,0,nan,nan
1706267702990,0,0,nan,nan
1706267703000,0,0,nan,nan
1706267703012,0,0,nan,nan
1706267703051,0,0,nan,nan
1706267703053,0,0,nan,nan
1706267703057,0,0,nan,nan
1706267703069,0,0,nan,nan
1706267703079,0,0,nan,nan
1706267703090,0,0,nan,nan
1706267703100,0,0,nan,nan
1706267703111,0,0,nan,nan
1706267703122,0,0,nan,nan
1706267703133,0,0,nan,nan
1706267703144,0,0,nan,nan
1706267703156,0,0,nan,nan
1706267703166,0,0,nan,nan
1706267703203,0,0,nan,nan
1706267703204,0,0,nan,nan
1706267703219,0,0,nan,nan
1706267703223,0,0,nan,nan
1706267703233,0,0,nan,nan
1706267703244,0,0,nan,nan
1706267703256,0,0,nan,nan
1706267703266,0,0,nan,nan
1706267703278,0,0,nan,nan
1706267703289,0,0,nan,nan
1706267703300,0,0,nan,nan
1706267703337,0,0,nan,nan
1706267703345,0,0,nan,nan
1706267703356,0,0,nan,nan
1706267703367,0,0,nan,nan
1706267703378,0,0,nan,nan
1706267703389,0,0,nan,nan
1706267703400,0,0,nan,nan
1706267703411,0,0,nan,nan
1706267703423,0,0,nan,nan
1706267703434,0,0,nan,nan
1706267703445,0,0,nan,nan
1706267703456,0,0,nan,nan
1706267703488,0,0,nan,nan
1706267703490,0,0,nan,nan
1706267703499,0,0,nan,nan
1706267703511,0,0,nan,nan
1706267703523,0,0,nan,nan
1706267703533,0,0,nan,nan
1706267703544,0,0,nan,nan
1706267703555,0,0,nan,nan
1706267703566,0,0,nan,nan
1706267703577,0,0,nan,nan
1706267703589,0,0,nan,nan
1706267703599,0,0,nan,nan
1706267703617,0,0,nan,nan
1706267703637,0,0,nan,nan
1706267703644,0,0,nan,nan
1706267703656,0,0,nan,nan
1706267703667,0,0,nan,nan
1706267703677,0,0,nan,nan
1706267703689,0,0,nan,nan
1706267703700,0,0,nan,nan
1706267703711,0,0,nan,nan
1706267703723,0,0,nan,nan
1706267703733,0,0,nan,nan
1706267703769,0,0,nan,nan
1706267703770,0,0,nan,nan
1706267703786,0,0,nan,nan
1706267703789,0,0,nan,nan
1706267703801,0,0,nan,nan
1706267703811,0,0,nan,nan
1706267703823,0,0,nan,nan
1706267703833,0,0,nan,nan
1706267703844,0,0,nan,nan
1706267703855,0,0,nan,nan
1706267703866,0,0,nan,nan
1706267703877,0,0,nan,nan
1706267703898,0,0,nan,nan
1706267703919,0,0,nan,nan
1706267703920,0,0,nan,nan
1706267703922,0,0,nan,nan
1706267703935,0,0,nan,nan
1706267703944,0,0,nan,nan
1706267703956,0,0,nan,nan
1706267703966,0,0,nan,nan
1706267703977,0,0,nan,nan
1706267703989,0,0,nan,nan
1706267703999,0,0,nan,nan
1706267704010,0,0,nan,nan
1706267704023,0,0,nan,nan
1706267704055,0,0,nan,nan
1706267704056,0,0,nan,nan
1706267704071,0,0,nan,nan
1706267704077,0,0,nan,nan
1706267704089,0,0,nan,nan
1706267704100,0,0,nan,nan
1706267704111,0,0,nan,nan
1706267704122,0,0,nan,nan
1706267704133,0,0,nan,nan
1706267704144,0,0,nan,nan
1706267704164,0,0,nan,nan
1706267704204,0,0,nan,nan
1706267704205,0,0,nan,nan
1706267704212,0,0,nan,nan
1706267704223,0,1,nan,5.338165283203125
1706267704235,0,1,nan,5.338165283203125
1706267704245,0,1,nan,5.338165283203125
1706267704257,0,1,nan,5.1682586669921875
1706267704267,0,1,nan,5.1682586669921875
1706267704279,0,1,nan,5.1682586669921875
1706267704290,0,1,nan,5.0859832763671875
1706267704301,0,1,nan,5.0859832763671875
1706267704336,0,1,nan,5.0859832763671875
1706267704351,0,1,nan,5.1269073486328125
1706267704357,0,1,nan,5.142913818359375
1706267704368,0,1,nan,5.142913818359375
1706267704379,0,1,nan,5.142913818359375
1706267704390,0,1,nan,5.1265716552734375
1706267704401,0,1,nan,5.1667633056640625
1706267704412,0,1,nan,5.1667633056640625
1706267704424,0,1,nan,5.1681671142578125
1706267704435,0,1,nan,5.169189453125
1706267704445,0,1,nan,5.169189453125
1706267704485,0,1,nan,5.18365478515625
1706267704490,0,1,nan,5.1044464111328125
1706267704501,0,1,nan,5.14434814453125
1706267704515,0,1,nan,5.134429931640625
1706267704523,0,1,nan,5.131072998046875
1706267704534,0,1,nan,5.097564697265625
1706267704544,0,1,nan,5.099090576171875
1706267704556,0,1,nan,5.0758056640625
1706267704567,0,1,nan,5.057373046875
1706267704578,0,1,nan,5.05072021484375
1706267704618,0,1,nan,5.0545806884765625
1706267704625,1,1,5.236480712890625,5.0113067626953125
1706267704636,1,1,5.190093994140625,4.9795684814453125
1706267704648,1,1,5.2006378173828125,4.9767913818359375
1706267704658,1,1,5.181243896484375,4.975830078125
1706267704669,1,1,5.172332763671875,4.962799072265625
1706267704680,1,1,5.1645050048828125,4.9706878662109375
1706267704692,1,1,5.160247802734375,4.962432861328125
1706267704703,1,1,5.1474609375,4.9477081298828125
1706267704714,1,1,5.1396026611328125,4.9341888427734375
1706267704754,1,1,5.1287994384765625,4.937408447265625
1706267704755,1,1,5.1143035888671875,4.92034912109375
1706267704758,1,1,5.1212310791015625,4.9193267822265625
1706267704772,1,1,5.1168975830078125,4.91802978515625
1706267704781,1,1,5.1401519775390625,4.929046630859375
1706267704791,1,1,5.1421966552734375,4.922088623046875
1706267704802,1,1,5.1444091796875,4.9272308349609375
1706267704814,1,1,5.12701416015625,4.9267120361328125
1706267704825,1,1,5.1370086669921875,4.9397735595703125
1706267704836,1,1,5.14263916015625,4.997802734375
1706267704847,1,1,5.123931884765625,5.031280517578125
1706267704858,1,1,5.1260528564453125,5.0482940673828125
1706267704869,1,1,5.1383056640625,5.04681396484375
1706267704904,1,1,5.161102294921875,5.029266357421875
1706267704921,1,1,5.14154052734375,5.042633056640625
1706267704925,1,1,5.144683837890625,5.0412139892578125
1706267704937,1,1,5.1462249755859375,5.048370361328125
1706267704947,1,1,5.1505126953125,5.0554351806640625
1706267704958,1,1,5.150054931640625,5.064849853515625
1706267704969,1,1,5.154998779296875,5.0745697021484375
1706267704981,1,1,5.166748046875,5.07568359375
1706267704992,1,1,5.170562744140625,5.079925537109375
1706267705003,1,1,5.179351806640625,5.0955352783203125
1706267705037,1,1,5.1829986572265625,5.101776123046875
1706267705053,1,1,5.207305908203125,5.1023406982421875
1706267705059,1,1,5.19805908203125,5.1055755615234375
1706267705071,1,1,5.2098541259765625,5.1106109619140625
1706267705081,1,1,5.21014404296875,5.1047515869140625
1706267705092,1,1,5.219512939453125,5.1078643798828125
1706267705103,1,1,5.22509765625,5.1110076904296875
1706267705113,1,1,5.230712890625,5.116729736328125
1706267705124,1,1,5.2357177734375,5.11346435546875
1706267705135,1,1,5.2445526123046875,5.1219940185546875
1706267705147,1,1,5.252197265625,5.1404571533203125
1706267705165,1,1,5.2404022216796875,5.1452789306640625
1706267705186,1,1,5.2494049072265625,5.157745361328125
1706267705187,1,1,5.253448486328125,5.132415771484375
1706267705191,1,1,5.2617645263671875,5.1458587646484375
1706267705202,1,1,5.2638092041015625,5.1461944580078125
1706267705215,1,1,5.2757415771484375,5.158782958984375
1706267705224,1,1,5.2736053466796875,5.1545867919921875
1706267705236,1,1,5.2662811279296875,5.1539764404296875
1706267705247,1,1,5.256256103515625,5.154693603515625
1706267705258,1,1,5.2543487548828125,5.1522216796875
1706267705269,1,1,5.24237060546875,5.1452484130859375
1706267705280,1,1,5.2336578369140625,5.13623046875
1706267705321,1,1,5.23675537109375,5.13116455078125
1706267705322,1,1,5.222686767578125,5.109222412109375
1706267705325,1,1,5.2014007568359375,5.1154327392578125
1706267705339,1,1,5.182769775390625,5.10406494140625
1706267705347,1,1,5.1757354736328125,5.0933380126953125
1706267705358,1,1,5.1862030029296875,5.08465576171875
1706267705369,1,1,5.172119140625,5.065185546875
1706267705380,1,1,5.171844482421875,5.0476837158203125
1706267705392,1,1,5.181243896484375,5.0459136962890625
1706267705402,1,1,5.168853759765625,5.02655029296875
1706267705414,1,1,5.1638336181640625,5.022186279296875
1706267705425,1,1,5.1204681396484375,5.0170135498046875
1706267705436,1,1,5.10687255859375,4.993408203125
1706267705473,1,1,5.10443115234375,4.997039794921875
1706267705481,1,1,5.09576416015625,4.9805145263671875
1706267705491,1,1,5.104217529296875,4.9799346923828125
1706267705503,1,1,5.0854644775390625,4.961883544921875
1706267705513,1,1,5.0545501708984375,4.948699951171875
1706267705524,1,1,5.0436553955078125,4.9294586181640625
1706267705535,1,1,5.0288543701171875,4.923614501953125
1706267705546,1,1,5.0068817138671875,4.9044189453125
1706267705557,1,1,5.0028839111328125,4.9116973876953125
1706267705568,1,1,4.997955322265625,4.901763916015625
1706267705580,1,1,4.9904022216796875,4.89678955078125
1706267705602,1,1,4.974884033203125,4.8983001708984375
1706267705622,1,1,4.9613800048828125,4.8912811279296875
1706267705623,1,1,4.9711761474609375,4.8999786376953125
1706267705624,1,1,4.9663238525390625,4.90399169921875
1706267705639,1,1,4.95806884765625,4.8992462158203125
1706267705646,1,1,4.9679412841796875,4.8989410400390625
1706267705658,1,1,4.97930908203125,4.8907928466796875
1706267705669,1,1,4.9798126220703125,4.8941802978515625
1706267705680,1,1,4.9665069580078125,4.90203857421875
1706267705691,1,1,4.950897216796875,4.8978729248046875
1706267705702,1,1,4.9471435546875,4.89617919921875
1706267705713,1,1,4.942474365234375,4.884521484375
1706267705754,1,1,4.945953369140625,4.8785247802734375
1706267705758,1,1,4.906005859375,4.8551177978515625
1706267705770,1,1,4.8977508544921875,4.8502197265625
1706267705780,1,1,4.8955078125,4.8410797119140625
1706267705791,1,1,4.89666748046875,4.841552734375
1706267705802,1,1,4.88922119140625,4.8345489501953125
1706267705814,1,1,4.8848419189453125,4.8334808349609375
1706267705824,1,1,4.878570556640625,4.8334808349609375
1706267705836,1,1,4.8725738525390625,4.8323822021484375
1706267705847,1,1,4.8920440673828125,4.8401947021484375
1706267705858,1,1,4.8938446044921875,4.8436431884765625
1706267705868,1,1,4.8923187255859375,4.844757080078125
1706267705906,1,1,4.8783416748046875,4.843841552734375
1706267705907,1,1,4.882293701171875,4.845916748046875
1706267705913,1,1,4.880157470703125,4.8557281494140625
1706267705924,1,1,4.87274169921875,4.84735107421875
1706267705936,1,1,4.86871337890625,4.8415069580078125
1706267705946,1,1,4.8393402099609375,4.810546875
1706267705956,1,1,4.82928466796875,4.808685302734375
1706267705966,1,1,4.697235107421875,4.6604461669921875
1706267705977,0,0,nan,nan
1706267705989,0,0,nan,nan
1706267706000,0,0,nan,nan
1706267706040,0,0,nan,nan
1706267706041,0,0,nan,nan
1706267706044,0,0,nan,nan
1706267706058,0,0,nan,nan
1706267706065,0,0,nan,nan
1706267706078,0,0,nan,nan
1706267706088,0,0,nan,nan
1706267706099,0,0,nan,nan
1706267706110,0,0,nan,nan
1706267706121,0,0,nan,nan
1706267706132,0,0,nan,nan
1706267706144,0,0,nan,nan
1706267706155,0,0,nan,nan
1706267706192,0,0,nan,nan
1706267706193,0,0,nan,nan
1706267706200,0,0,nan,nan
1706267706210,0,0,nan,nan
1706267706223,0,0,nan,nan
1706267706232,0,0,nan,nan
1706267706243,0,0,nan,nan
1706267706254,0,0,nan,nan
1706267706265,0,0,nan,nan
1706267706276,0,0,nan,nan
1706267706288,0,0,nan,nan
1706267706299,0,0,nan,nan
1706267706320,0,0,nan,nan
1706267706340,0,0,nan,nan
1706267706341,0,0,nan,nan
1706267706343,0,0,nan,nan
1706267706359,0,0,nan,nan
1706267706366,0,0,nan,nan
1706267706378,0,0,nan,nan
1706267706387,0,0,nan,nan
1706267706399,0,0,nan,nan
1706267706410,0,0,nan,nan
1706267706422,0,0,nan,nan
1706267706433,0,0,nan,nan
1706267706471,0,0,nan,nan
1706267706472,0,0,nan,nan
1706267706476,0,0,nan,nan
1706267706487,0,0,nan,nan
1706267706500,0,0,nan,nan
1706267706510,0,0,nan,nan
1706267706520,0,0,nan,nan
1706267706532,0,0,nan,nan
1706267706543,0,0,nan,nan
1706267706554,0,0,nan,nan
1706267706565,0,0,nan,nan
1706267706576,0,0,nan,nan
1706267706587,0,0,nan,nan
1706267706623,0,0,nan,nan
1706267706624,0,0,nan,nan
1706267706639,0,0,nan,nan
1706267706643,0,0,nan,nan
1706267706655,0,0,nan,nan
1706267706666,0,0,nan,nan
1706267706677,0,0,nan,nan
1706267706688,0,0,nan,nan
1706267706699,0,0,nan,nan
1706267706710,0,0,nan,nan
1706267706722,0,0,nan,nan
1706267706757,0,0,nan,nan
1706267706758,0,0,nan,nan
1706267706765,0,0,nan,nan
1706267706776,0,0,nan,nan
1706267706788,0,0,nan,nan
1706267706799,0,0,nan,nan
1706267706809,0,0,nan,nan
1706267706821,0,0,nan,nan
1706267706833,0,0,nan,nan
1706267706843,0,0,nan,nan
1706267706854,0,0,nan,nan
1706267706866,0,0,nan,nan
1706267706887,0,0,nan,nan
1706267706907,0,0,nan,nan
1706267706910,0,0,nan,nan
1706267706924,0,0,nan,nan
1706267706932,0,0,nan,nan
1706267706943,0,0,nan,nan
1706267706954,0,0,nan,nan
1706267706965,0,0,nan,nan
1706267706976,0,0,nan,nan
1706267706988,0,0,nan,nan
1706267706999,0,0,nan,nan
1706267707010,0,0,nan,nan
1706267707021,0,0,nan,nan
1706267707038,0,0,nan,nan
1706267707058,0,0,nan,nan
1706267707060,0,0,nan,nan
1706267707065,0,0,nan,nan
1706267707076,0,0,nan,nan
1706267707087,0,0,nan,nan
1706267707098,0,0,nan,nan
1706267707109,0,0,nan,nan
1706267707120,0,0,nan,nan
1706267707132,0,0,nan,nan
1706267707143,0,0,nan,nan
1706267707154,0,0,nan,nan
1706267707165,0,0,nan,nan
1706267707176,0,0,nan,nan
1706267707211,0,0,nan,nan
1706267707212,0,0,nan,nan
1706267707221,0,0,nan,nan
1706267707231,0,0,nan,nan
1706267707242,0,0,nan,nan
1706267707253,0,0,nan,nan
1706267707265,0,0,nan,nan
1706267707276,0,0,nan,nan
1706267707287,0,0,nan,nan
1706267707298,0,0,nan,nan
1706267707310,0,0,nan,nan
1706267707321,0,0,nan,nan
1706267707358,0,0,nan,nan
1706267707359,0,0,nan,nan
1706267707365,0,0,nan,nan
1706267707377,0,0,nan,nan
1706267707387,0,0,nan,nan
1706267707399,0,0,nan,nan
1706267707410,0,0,nan,nan
1706267707420,0,0,nan,nan
1706267707432,0,0,nan,nan
1706267707443,0,0,nan,nan
1706267707454,0,0,nan,nan
1706267707466,0,0,nan,nan
1706267707476,0,0,nan,nan
1706267707508,0,0,nan,nan
1706267707509,0,1,nan,4.2477569580078125
1706267707510,0,1,nan,4.2477569580078125
1706267707527,0,1,nan,4.2477569580078125
1706267707533,0,1,nan,3.6900482177734375
1706267707543,0,1,nan,3.6900482177734375
1706267707554,0,1,nan,3.6900482177734375
1706267707565,0,1,nan,3.6043243408203125
1706267707575,0,1,nan,3.6043243408203125
1706267707586,0,1,nan,3.6043243408203125
1706267707598,0,1,nan,3.7607421875
1706267707609,0,1,nan,3.7607421875
1706267707620,0,1,nan,3.7607421875
1706267707659,0,0,nan,nan
1706267707665,0,0,nan,nan
1706267707676,0,0,nan,nan
1706267707687,0,0,nan,nan
1706267707696,0,0,nan,nan
1706267707714,0,0,nan,nan
1706267707733,0,0,nan,nan
1706267707744,0,0,nan,nan
1706267707756,0,0,nan,nan
1706267707766,0,0,nan,nan
1706267707808,0,0,nan,nan
1706267707809,0,0,nan,nan
1706267707811,0,0,nan,nan
1706267707825,0,0,nan,nan
1706267707833,0,0,nan,nan
1706267707844,0,0,nan,nan
1706267707856,0,0,nan,nan
1706267707866,0,0,nan,nan
1706267707878,0,0,nan,nan
1706267707889,0,0,nan,nan
1706267707899,0,0,nan,nan
1706267707911,0,0,nan,nan
1706267707923,0,0,nan,nan
1706267707957,0,0,nan,nan
1706267707958,0,0,nan,nan
1706267707973,0,0,nan,nan
1706267707978,0,0,nan,nan
1706267707991,0,0,nan,nan
1706267708000,0,0,nan,nan
1706267708011,0,0,nan,nan
1706267708022,0,0,nan,nan
1706267708033,0,0,nan,nan
1706267708044,0,0,nan,nan
1706267708056,0,0,nan,nan
1706267708096,0,0,nan,nan
1706267708097,0,0,nan,nan
1706267708099,0,0,nan,nan
1706267708113,0,0,nan,nan
1706267708122,0,0,nan,nan
1706267708133,0,0,nan,nan
1706267708143,0,0,nan,nan
1706267708155,0,0,nan,nan
1706267708166,0,0,nan,nan
1706267708177,0,0,nan,nan
1706267708188,0,0,nan,nan
1706267708199,0,0,nan,nan
1706267708241,0,0,nan,nan
1706267708242,0,0,nan,nan
1706267708243,0,0,nan,nan
1706267708244,0,0,nan,nan
1706267708257,0,0,nan,nan
1706267708266,0,0,nan,nan
1706267708277,0,0,nan,nan
1706267708289,0,0,nan,nan
1706267708299,0,0,nan,nan
1706267708310,0,0,nan,nan
1706267708322,0,0,nan,nan
1706267708332,0,0,nan,nan
1706267708344,0,0,nan,nan
1706267708355,0,0,nan,nan
1706267708394,0,0,nan,nan
1706267708395,0,0,nan,nan
1706267708399,0,0,nan,nan
1706267708411,0,0,nan,nan
1706267708422,0,0,nan,nan
1706267708432,0,0,nan,nan
1706267708444,0,0,nan,nan
1706267708455,0,0,nan,nan
1706267708466,0,0,nan,nan
1706267708477,0,0,nan,nan
1706267708489,0,0,nan,nan
1706267708499,0,0,nan,nan
1706267708510,0,0,nan,nan
1706267708541,0,0,nan,nan
1706267708544,0,0,nan,nan
1706267708559,0,0,nan,nan
1706267708566,0,0,nan,nan
1706267708577,0,0,nan,nan
1706267708589,0,0,nan,nan
1706267708599,0,0,nan,nan
1706267708610,0,0,nan,nan
1706267708621,0,0,nan,nan
1706267708632,0,0,nan,nan
1706267708643,0,0,nan,nan
1706267708654,0,0,nan,nan
1706267708692,0,0,nan,nan
1706267708693,0,0,nan,nan
1706267708698,0,0,nan,nan
1706267708711,0,0,nan,nan
1706267708721,0,0,nan,nan
1706267708732,0,0,nan,nan
1706267708743,0,0,nan,nan
1706267708754,0,0,nan,nan
1706267708765,0,0,nan,nan
1706267708777,0,0,nan,nan
1706267708788,0,0,nan,nan
1706267708799,0,0,nan,nan
1706267708810,0,0,nan,nan
1706267708842,0,0,nan,nan
1706267708843,0,0,nan,nan
1706267708859,0,0,nan,nan
1706267708865,0,0,nan,nan
1706267708877,0,0,nan,nan
1706267708888,0,0,nan,nan
1706267708899,0,0,nan,nan
1706267708910,0,0,nan,nan
1706267708922,0,0,nan,nan
1706267708932,0,0,nan,nan
1706267708972,0,0,nan,nan
1706267708973,0,0,nan,nan
1706267708977,0,0,nan,nan
1706267708989,0,0,nan,nan
1706267709000,0,0,nan,nan
1706267709009,0,0,nan,nan
1706267709021,0,0,nan,nan
1706267709031,0,0,nan,nan
1706267709043,0,0,nan,nan
1706267709055,0,0,nan,nan
1706267709065,0,0,nan,nan
1706267709076,0,0,nan,nan
1706267709088,0,0,nan,nan
1706267709131,0,0,nan,nan
1706267709132,0,0,nan,nan
1706267709147,0,0,nan,nan
1706267709155,0,0,nan,nan
1706267709165,0,0,nan,nan
1706267709176,0,0,nan,nan
1706267709188,0,0,nan,nan
1706267709198,0,0,nan,nan
1706267709210,0,0,nan,nan
1706267709221,0,0,nan,nan
1706267709232,0,0,nan,nan
1706267709272,0,0,nan,nan
1706267709273,0,0,nan,nan
1706267709277,0,0,nan,nan
1706267709289,0,0,nan,nan
1706267709299,0,0,nan,nan
1706267709309,0,0,nan,nan
1706267709321,0,0,nan,nan
1706267709331,0,0,nan,nan
1706267709343,0,0,nan,nan
1706267709354,0,0,nan,nan
1706267709365,0,0,nan,nan
1706267709376,0,0,nan,nan
1706267709388,0,0,nan,nan
1706267709425,0,0,nan,nan
1706267709426,0,0,nan,nan
1706267709432,0,0,nan,nan
1706267709443,0,0,nan,nan
1706267709455,0,0,nan,nan
1706267709465,0,0,nan,nan
1706267709476,0,0,nan,nan
1706267709488,0,0,nan,nan
1706267709498,0,0,nan,nan
1706267709510,0,0,nan,nan
1706267709521,0,0,nan,nan
1706267709560,0,0,nan,nan
1706267709561,0,0,nan,nan
1706267709564,0,0,nan,nan
1706267709577,0,0,nan,nan
1706267709587,0,0,nan,nan
1706267709598,0,0,nan,nan
1706267709609,0,0,nan,nan
1706267709621,0,0,nan,nan
1706267709631,0,0,nan,nan
1706267709642,0,0,nan,nan
1706267709654,0,0,nan,nan
1706267709664,0,0,nan,nan
1706267709676,0,0,nan,nan
1706267709707,0,0,nan,nan
1706267709708,0,0,nan,nan
1706267709709,0,0,nan,nan
1706267709725,0,0,nan,nan
1706267709731,0,0,nan,nan
1706267709743,0,0,nan,nan
1706267709754,0,0,nan,nan
1706267709764,0,0,nan,nan
1706267709776,0,0,nan,nan
1706267709787,0,0,nan,nan
1706267709798,0,0,nan,nan
1706267709840,0,0,nan,nan
1706267709841,0,0,nan,nan
1706267709842,0,0,nan,nan
1706267709856,0,0,nan,nan
1706267709864,0,0,nan,nan
1706267709876,0,0,nan,nan
1706267709887,0,0,nan,nan
1706267709898,0,0,nan,nan
1706267709909,0,0,nan,nan
1706267709920,0,0,nan,nan
1706267709931,0,0,nan,nan
1706267709942,0,0,nan,nan
1706267709954,0,0,nan,nan
1706267709993,0,0,nan,nan
1706267709998,0,0,nan,nan
1706267710009,0,0,nan,nan
1706267710021,0,0,nan,nan
1706267710031,0,0,nan,nan
1706267710043,0,0,nan,nan
1706267710055,0,0,nan,nan
1706267710065,0,0,nan,nan
1706267710076,0,0,nan,nan
1706267710088,0,0,nan,nan
1706267710098,0,0,nan,nan
1706267710110,0,0,nan,nan
1706267710141,0,0,nan,nan
1706267710142,0,0,nan,nan
1706267710143,0,0,nan,nan
1706267710158,0,0,nan,nan
1706267710164,0,0,nan,nan
1706267710176,0,0,nan,nan
1706267710187,0,0,nan,nan
1706267710198,0,0,nan,nan
1706267710209,0,0,nan,nan
1706267710220,0,0,nan,nan
1706267710231,0,0,nan,nan
1706267710242,0,0,nan,nan
1706267710274,0,0,nan,nan
1706267710275,0,0,nan,nan
1706267710290,0,0,nan,nan
1706267710297,0,0,nan,nan
1706267710309,0,0,nan,nan
1706267710320,0,0,nan,nan
1706267710331,0,0,nan,nan
1706267710342,0,0,nan,nan
1706267710354,0,0,nan,nan
1706267710364,0,0,nan,nan
1706267710376,0,0,nan,nan
1706267710387,0,0,nan,nan
1706267710425,0,0,nan,nan
1706267710431,0,0,nan,nan
1706267710443,0,0,nan,nan
1706267710456,0,0,nan,nan
1706267710465,0,0,nan,nan
1706267710476,0,0,nan,nan
1706267710487,0,0,nan,nan
1706267710498,0,0,nan,nan
1706267710509,0,0,nan,nan
1706267710521,0,0,nan,nan
1706267710531,0,0,nan,nan
1706267710542,0,0,nan,nan
1706267710575,0,0,nan,nan
1706267710592,0,0,nan,nan
1706267710597,0,0,nan,nan
1706267710610,0,0,nan,nan
1706267710621,0,0,nan,nan
1706267710630,0,0,nan,nan
1706267710642,0,0,nan,nan
1706267710654,0,0,nan,nan
1706267710664,0,0,nan,nan
1706267710676,0,0,nan,nan
1706267710688,0,0,nan,nan
1706267710724,0,0,nan,nan
1706267710725,0,0,nan,nan
1706267710730,0,0,nan,nan
1706267710742,0,0,nan,nan
1706267710756,0,0,nan,nan
1706267710764,0,0,nan,nan
1706267710775,0,0,nan,nan
1706267710787,0,0,nan,nan
1706267710797,0,0,nan,nan
1706267710809,0,0,nan,nan
1706267710821,0,0,nan,nan
1706267710831,0,0,nan,nan
1706267710842,0,0,nan,nan
1706267710875,0,0,nan,nan
1706267710876,0,0,nan,nan
1706267710892,0,0,nan,nan
1706267710898,0,0,nan,nan
1706267710910,0,0,nan,nan
1706267710920,0,0,nan,nan
1706267710931,0,0,nan,nan
1706267710942,0,0,nan,nan
1706267710954,0,0,nan,nan
1706267710965,0,0,nan,nan
1706267710976,0,0,nan,nan
1706267711008,0,0,nan,nan
1706267711010,0,0,nan,nan
1706267711025,0,0,nan,nan
1706267711030,0,0,nan,nan
1706267711043,0,0,nan,nan
1706267711053,0,0,nan,nan
1706267711063,0,0,nan,nan
1706267711076,0,0,nan,nan
1706267711086,0,0,nan,nan
1706267711097,0,0,nan,nan
1706267711109,0,0,nan,nan
1706267711120,0,0,nan,nan
1706267711158,0,0,nan,nan
1706267711159,0,0,nan,nan
1706267711164,0,0,nan,nan
1706267711176,0,0,nan,nan
1706267711191,0,0,nan,nan
1706267711198,0,0,nan,nan
1706267711209,0,0,nan,nan
1706267711220,0,0,nan,nan
1706267711230,0,0,nan,nan
1706267711242,0,0,nan,nan
1706267711254,0,0,nan,nan
1706267711264,0,0,nan,nan
1706267711275,0,0,nan,nan
1706267711310,0,0,nan,nan
1706267711311,0,0,nan,nan
1706267711326,0,0,nan,nan
1706267711330,0,0,nan,nan
1706267711342,0,0,nan,nan
1706267711354,0,0,nan,nan
1706267711364,0,0,nan,nan
1706267711375,0,0,nan,nan
1706267711387,0,0,nan,nan
1706267711396,0,0,nan,nan
1706267711408,0,0,nan,nan
1706267711442,0,0,nan,nan
1706267711443,0,0,nan,nan
1706267711461,0,0,nan,nan
1706267711463,0,0,nan,nan
1706267711475,0,0,nan,nan
1706267711486,0,0,nan,nan
1706267711498,0,0,nan,nan
1706267711509,0,0,nan,nan
1706267711520,0,0,nan,nan
1706267711531,0,0,nan,nan
1706267711542,0,0,nan,nan
1706267711552,0,0,nan,nan
1706267711571,0,0,nan,nan
1706267711595,0,0,nan,nan
1706267711596,0,0,nan,nan
1706267711597,0,0,nan,nan
1706267711613,0,0,nan,nan
1706267711619,0,0,nan,nan
1706267711630,0,0,nan,nan
1706267711641,0,0,nan,nan
1706267711652,0,0,nan,nan
1706267711663,0,0,nan,nan
1706267711675,0,0,nan,nan
1706267711686,0,0,nan,nan
1706267711697,0,0,nan,nan
1706267711709,0,0,nan,nan
1706267711744,0,0,nan,nan
1706267711745,0,0,nan,nan
1706267711753,0,0,nan,nan
1706267711763,0,0,nan,nan
1706267711777,0,0,nan,nan
1706267711786,0,0,nan,nan
1706267711797,0,0,nan,nan
1706267711808,0,0,nan,nan
1706267711820,0,0,nan,nan
1706267711830,0,0,nan,nan
1706267711842,0,0,nan,nan
1706267711882,0,0,nan,nan
1706267711883,0,0,nan,nan
1706267711887,0,0,nan,nan
1706267711899,0,0,nan,nan
1706267711908,0,0,nan,nan
1706267711919,0,0,nan,nan
1706267711929,0,0,nan,nan
1706267711940,0,0,nan,nan
1706267711953,0,0,nan,nan
1706267711963,0,0,nan,nan
1706267711974,0,0,nan,nan
1706267711986,0,0,nan,nan
1706267712028,0,0,nan,nan
1706267712029,0,0,nan,nan
1706267712045,0,0,nan,nan
1706267712054,0,0,nan,nan
1706267712064,0,0,nan,nan
1706267712074,0,0,nan,nan
1706267712086,0,0,nan,nan
1706267712097,0,0,nan,nan
1706267712108,0,0,nan,nan
1706267712120,0,0,nan,nan
1706267712130,0,0,nan,nan
1706267712141,0,0,nan,nan
1706267712176,0,0,nan,nan
1706267712177,0,0,nan,nan
1706267712192,0,0,nan,nan
1706267712197,0,0,nan,nan
1706267712209,0,0,nan,nan
1706267712219,0,0,nan,nan
1706267712230,0,0,nan,nan
1706267712241,0,0,nan,nan
1706267712253,0,0,nan,nan
1706267712264,0,0,nan,nan
1706267712275,0,0,nan,nan
1706267712308,0,0,nan,nan
1706267712310,0,0,nan,nan
1706267712324,0,0,nan,nan
1706267712331,0,0,nan,nan
1706267712341,0,0,nan,nan
1706267712352,0,0,nan,nan
1706267712363,0,0,nan,nan
1706267712374,0,0,nan,nan
1706267712385,0,0,nan,nan
1706267712396,0,0,nan,nan
1706267712408,0,0,nan,nan
1706267712419,0,0,nan,nan
1706267712430,0,0,nan,nan
1706267712460,0,0,nan,nan
1706267712461,0,0,nan,nan
1706267712463,0,0,nan,nan
1706267712477,0,0,nan,nan
1706267712486,0,0,nan,nan
1706267712496,0,0,nan,nan
1706267712508,0,0,nan,nan
1706267712519,0,0,nan,nan
1706267712529,0,0,nan,nan
1706267712541,0,0,nan,nan
1706267712552,0,0,nan,nan
1706267712592,0,0,nan,nan
1706267712593,0,0,nan,nan
1706267712596,0,0,nan,nan
1706267712609,0,0,nan,nan
1706267712620,0,0,nan,nan
1706267712630,0,0,nan,nan
1706267712641,0,0,nan,nan
1706267712653,0,0,nan,nan
1706267712663,0,0,nan,nan
1706267712674,0,0,nan,nan
1706267712686,0,0,nan,nan
1706267712696,0,0,nan,nan
1706267712707,0,0,nan,nan
1706267712744,0,0,nan,nan
1706267712760,0,0,nan,nan
1706267712763,0,0,nan,nan
1706267712775,0,0,nan,nan
1706267712786,0,0,nan,nan
1706267712796,0,0,nan,nan
1706267712808,0,0,nan,nan
1706267712819,0,0,nan,nan
1706267712829,0,0,nan,nan
1706267712841,0,0,nan,nan
1706267712852,0,0,nan,nan
1706267712893,0,0,nan,nan
1706267712910,0,0,nan,nan
1706267712919,0,0,nan,nan
1706267712930,0,0,nan,nan
1706267712941,0,0,nan,nan
1706267712953,0,0,nan,nan
1706267712964,0,0,nan,nan
1706267712975,0,0,nan,nan
1706267712986,0,0,nan,nan
1706267713027,0,0,nan,nan
1706267713028,0,0,nan,nan
1706267713043,0,0,nan,nan
1706267713057,0,0,nan,nan
1706267713073,0,0,nan,nan
1706267713089,0,0,nan,nan
1706267713100,0,1,nan,4.828582763671875
1706267713111,0,1,nan,4.8391876220703125
1706267713123,0,1,nan,4.83563232421875
1706267713134,0,1,nan,4.893096923828125
1706267713144,0,1,nan,4.8926544189453125
1706267713179,0,1,nan,4.920867919921875
1706267713189,0,1,nan,5.002288818359375
1706267713200,0,1,nan,5.01898193359375
1706267713212,0,1,nan,5.014373779296875
1706267713223,0,1,nan,5.03033447265625
1706267713233,0,1,nan,5.0310821533203125
1706267713244,0,1,nan,5.024627685546875
1706267713256,0,1,nan,5.0213623046875
1706267713267,0,1,nan,5.01507568359375
1706267713278,0,1,nan,5.0149078369140625
1706267713298,0,1,nan,4.9998016357421875
1706267713320,0,1,nan,4.999481201171875
1706267713321,0,1,nan,5.0155029296875
1706267713322,0,1,nan,5.0261077880859375
1706267713338,0,1,nan,5.013214111328125
1706267713344,0,1,nan,5.002166748046875
1706267713356,0,1,nan,4.9899139404296875
1706267713367,0,1,nan,4.98175048828125
1706267713378,0,1,nan,4.9762420654296875
1706267713389,0,1,nan,4.970855712890625
1706267713400,0,1,nan,4.9478912353515625
1706267713411,0,1,nan,4.9311676025390625
1706267713423,0,1,nan,4.928253173828125
1706267713433,0,1,nan,4.9124908447265625
1706267713445,0,1,nan,4.9173431396484375
1706267713478,0,1,nan,4.9195098876953125
1706267713495,0,1,nan,4.889678955078125
1706267713500,0,1,nan,4.875518798828125
1706267713512,0,1,nan,4.8682403564453125
1706267713523,0,1,nan,4.86810302734375
1706267713534,0,1,nan,4.85711669921875
1706267713545,0,1,nan,4.856353759765625
1706267713555,0,1,nan,4.843414306640625
1706267713566,0,1,nan,4.8264312744140625
1706267713577,0,1,nan,4.8146820068359375
1706267713589,0,1,nan,4.8149871826171875
1706267713605,0,1,nan,4.8123931884765625
1706267713629,0,1,nan,4.80938720703125
1706267713630,0,1,nan,4.8104248046875
1706267713633,0,1,nan,4.8077392578125
1706267713649,0,1,nan,4.813568115234375
1706267713655,0,1,nan,4.8144989013671875
1706267713668,0,1,nan,4.80999755859375
1706267713678,0,1,nan,4.8061065673828125
1706267713689,0,1,nan,4.814788818359375
1706267713700,0,1,nan,4.799072265625
1706267713711,0,1,nan,4.810577392578125
1706267713722,0,1,nan,4.7989349365234375
1706267713733,0,1,nan,4.7917938232421875
1706267713744,0,1,nan,4.786773681640625
1706267713779,0,1,nan,4.7797088623046875
1706267713780,0,1,nan,4.7554473876953125
1706267713796,0,1,nan,4.746795654296875
1706267713800,0,1,nan,4.731231689453125
1706267713812,0,1,nan,4.7264862060546875
1706267713822,0,1,nan,4.717498779296875
1706267713833,0,1,nan,4.70458984375
1706267713844,0,1,nan,4.69036865234375
1706267713856,0,1,nan,4.697113037109375
1706267713867,0,1,nan,4.6941375732421875
1706267713878,0,1,nan,4.6966552734375
1706267713889,0,1,nan,4.6973724365234375
1706267713930,0,1,nan,4.687408447265625
1706267713933,0,1,nan,4.663360595703125
1706267713946,0,1,nan,4.6561126708984375
1706267713955,0,1,nan,4.6541595458984375
1706267713966,0,1,nan,4.6438446044921875
1706267713977,0,1,nan,4.6397857666015625
1706267713988,0,1,nan,4.627471923828125
1706267714000,0,1,nan,4.6170806884765625
1706267714011,0,1,nan,4.60723876953125
1706267714022,0,1,nan,4.6142730712890625
1706267714034,0,1,nan,4.599884033203125
1706267714046,1,1,4.6538238525390625,4.6179656982421875
1706267714079,1,1,4.655181884765625,4.611724853515625
1706267714080,1,1,4.6432037353515625,4.5941314697265625
1706267714095,1,1,4.61981201171875,4.559906005859375
1706267714102,1,1,4.6148223876953125,4.55963134765625
1706267714112,1,1,4.625244140625,4.5569000244140625
1706267714124,1,1,4.62469482421875,4.5613861083984375
1706267714135,1,1,4.6183929443359375,4.5514373779296875
1706267714146,1,1,4.617828369140625,4.5601654052734375
1706267714157,1,1,4.61785888671875,4.555511474609375
1706267714168,1,1,4.6151275634765625,4.54656982421875
1706267714179,1,1,4.6071624755859375,4.5457916259765625
1706267714214,1,1,4.611724853515625,4.5449371337890625
1706267714215,1,1,4.6195831298828125,4.5539093017578125
1706267714230,1,1,4.6252899169921875,4.5367431640625
1706267714236,1,1,4.629669189453125,4.4850311279296875
1706267714247,1,1,4.6529388427734375,4.479034423828125
1706267714257,1,1,4.6433563232421875,4.4903411865234375
1706267714269,1,1,4.644683837890625,4.50341796875
1706267714280,1,1,4.628631591796875,4.5124664306640625
1706267714291,1,1,4.6475830078125,4.5177001953125
1706267714302,1,1,4.655731201171875,4.516845703125
1706267714312,1,1,4.686065673828125,4.5197906494140625
1706267714323,1,1,4.67926025390625,4.52374267578125
1706267714363,1,1,4.6862640380859375,4.5264739990234375
1706267714364,1,1,4.6581878662109375,4.5178070068359375
1706267714367,1,1,4.6619415283203125,4.5153656005859375
1706267714379,1,1,4.6563568115234375,4.5316314697265625
1706267714392,1,1,4.654632568359375,4.5248260498046875
1706267714401,1,1,4.6507415771484375,4.522491455078125
1706267714412,1,1,4.681365966796875,4.5148773193359375
1706267714423,1,1,4.680267333984375,4.5183563232421875
1706267714434,1,1,4.675933837890625,4.5174560546875
1706267714445,1,1,4.693084716796875,4.511199951171875
1706267714457,1,1,4.6842193603515625,4.5109405517578125
1706267714468,1,1,4.677947998046875,4.5117950439453125
1706267714479,1,1,4.619659423828125,4.5092926025390625
1706267714515,1,1,4.6212615966796875,4.5218658447265625
1706267714516,1,1,4.6210174560546875,4.5229339599609375
1706267714523,1,1,4.6485137939453125,4.525482177734375
1706267714535,1,1,4.6514739990234375,4.5347442626953125
1706267714547,1,1,4.6662139892578125,4.5360870361328125
1706267714557,1,1,4.675048828125,4.53399658203125
1706267714568,1,1,4.6995849609375,4.5474700927734375
1706267714579,1,1,4.6549224853515625,4.55694580078125
1706267714590,1,1,4.6476898193359375,4.5690460205078125
1706267714601,1,1,4.63134765625,4.5869293212890625
1706267714613,1,1,4.6526336669921875,4.592254638671875
1706267714624,1,1,4.656280517578125,4.5874481201171875
1706267714665,1,1,4.661529541015625,4.5943756103515625
1706267714666,1,1,4.6386260986328125,4.5936279296875
1706267714668,1,1,4.635955810546875,4.604278564453125
1706267714681,1,1,4.6768035888671875,4.6116943359375
1706267714690,1,1,4.6800994873046875,4.626312255859375
1706267714701,1,1,4.671905517578125,4.61993408203125
1706267714712,1,1,4.6572113037109375,4.6150360107421875
1706267714723,1,1,4.652252197265625,4.5882110595703125
1706267714734,1,1,4.6440582275390625,4.582061767578125
1706267714745,1,1,4.6490478515625,4.5735015869140625
1706267714756,1,1,4.6920166015625,4.572113037109375
1706267714768,1,1,4.697479248046875,4.5629425048828125
1706267714779,1,1,4.68328857421875,4.556610107421875
1706267714813,1,1,4.6497802734375,4.561431884765625
1706267714829,1,1,4.6200408935546875,4.5589447021484375
1706267714835,1,1,4.6239776611328125,4.557342529296875
1706267714845,1,1,4.6304779052734375,4.5520477294921875
1706267714857,1,1,4.6378936767578125,4.5621185302734375
1706267714868,1,1,4.6426849365234375,4.5722808837890625
1706267714879,1,1,4.6506500244140625,4.5862579345703125
1706267714890,1,1,4.664642333984375,4.58477783203125
1706267714901,1,1,4.672576904296875,4.5840301513671875
1706267714912,1,1,4.6900177001953125,4.5726165771484375
1706267714949,1,1,4.694091796875,4.57391357421875
1706267714957,1,1,4.6883544921875,4.5950469970703125
1706267714968,1,1,4.6900787353515625,4.6042327880859375
1706267714981,1,1,4.69476318359375,4.633544921875
1706267714989,1,1,4.7105865478515625,4.6304168701171875
1706267715001,1,1,4.66607666015625,4.28167724609375
1706267715010,1,1,4.5583343505859375,3.9742279052734375
1706267715021,1,1,4.5583343505859375,3.9742279052734375
1706267715032,0,0,nan,nan
1706267715043,0,0,nan,nan
1706267715054,0,0,nan,nan
1706267715065,0,0,nan,nan
1706267715098,0,0,nan,nan
1706267715099,0,0,nan,nan
1706267715108,0,0,nan,nan
1706267715126,0,0,nan,nan
1706267715146,0,0,nan,nan
1706267715157,0,0,nan,nan
1706267715168,0,0,nan,nan
1706267715179,0,0,nan,nan
1706267715191,0,0,nan,nan
1706267715201,0,0,nan,nan
1706267715211,0,0,nan,nan
1706267715245,0,0,nan,nan
1706267715261,0,0,nan,nan
1706267715268,0,0,nan,nan
1706267715278,0,0,nan,nan
1706267715290,0,0,nan,nan
1706267715300,0,0,nan,nan
1706267715311,0,0,nan,nan
1706267715323,0,0,nan,nan
1706267715334,0,0,nan,nan
1706267715345,0,0,nan,nan
1706267715357,0,0,nan,nan
1706267715397,0,0,nan,nan
1706267715398,0,0,nan,nan
1706267715401,0,0,nan,nan
1706267715414,0,0,nan,nan
1706267715424,0,0,nan,nan
1706267715435,0,0,nan,nan
1706267715445,0,0,nan,nan
1706267715457,0,0,nan,nan
1706267715467,0,0,nan,nan
1706267715478,0,0,nan,nan
1706267715491,0,0,nan,nan
1706267715501,0,0,nan,nan
1706267715512,0,0,nan,nan
1706267715550,0,0,nan,nan
1706267715551,0,0,nan,nan
1706267715558,0,0,nan,nan
1706267715574,0,0,nan,nan
1706267715579,0,0,nan,nan
1706267715590,0,0,nan,nan
1706267715602,0,0,nan,nan
1706267715611,0,0,nan,nan
1706267715623,0,0,nan,nan
1706267715633,0,0,nan,nan
1706267715645,0,0,nan,nan
1706267715657,0,0,nan,nan
1706267715667,0,0,nan,nan
1706267715680,0,0,nan,nan
1706267715690,0,0,nan,nan
1706267715700,0,0,nan,nan
1706267715761,0,0,nan,nan
1706267715763,0,0,nan,nan
1706267715767,0,0,nan,nan
1706267715782,0,0,nan,nan
1706267715790,0,0,nan,nan
1706267715802,0,0,nan,nan
1706267715812,0,0,nan,nan
1706267715823,0,0,nan,nan
1706267715834,0,0,nan,nan
1706267715845,0,0,nan,nan
1706267715856,0,0,nan,nan
1706267715867,0,0,nan,nan
1706267715878,0,0,nan,nan
1706267715924,0,0,nan,nan
1706267715926,0,0,nan,nan
1706267715933,0,0,nan,nan
1706267715949,0,0,nan,nan
1706267715957,0,0,nan,nan
1706267715968,0,0,nan,nan
1706267715978,0,0,nan,nan
1706267715990,0,0,nan,nan
1706267716000,0,0,nan,nan
1706267716012,0,0,nan,nan
1706267716022,0,0,nan,nan
1706267716034,0,0,nan,nan
1706267716045,0,0,nan,nan
1706267716098,0,0,nan,nan
1706267716099,0,0,nan,nan
1706267716100,0,0,nan,nan
1706267716118,0,0,nan,nan
1706267716123,0,0,nan,nan
1706267716134,0,0,nan,nan
1706267716145,0,0,nan,nan
1706267716156,0,0,nan,nan
1706267716167,0,0,nan,nan
1706267716178,0,0,nan,nan
1706267716190,0,0,nan,nan
1706267716200,0,0,nan,nan
1706267716212,0,0,nan,nan
1706267716231,0,0,nan,nan
1706267716257,0,0,nan,nan
1706267716258,0,0,nan,nan
1706267716274,0,0,nan,nan
1706267716278,0,0,nan,nan
1706267716290,0,0,nan,nan
1706267716299,0,0,nan,nan
1706267716311,0,0,nan,nan
1706267716322,0,0,nan,nan
1706267716333,0,0,nan,nan
1706267716345,0,0,nan,nan
1706267716356,0,0,nan,nan
1706267716366,0,0,nan,nan
1706267716377,0,0,nan,nan
1706267716420,0,0,nan,nan
1706267716421,0,0,nan,nan
1706267716423,0,0,nan,nan
1706267716436,0,0,nan,nan
1706267716445,0,0,nan,nan
1706267716456,0,0,nan,nan
1706267716467,0,0,nan,nan
1706267716478,0,0,nan,nan
1706267716490,0,0,nan,nan
1706267716500,0,0,nan,nan
1706267716512,0,0,nan,nan
1706267716523,0,0,nan,nan
1706267716533,0,0,nan,nan
1706267716568,0,0,nan,nan
1706267716569,0,0,nan,nan
1706267716583,0,0,nan,nan
1706267716589,0,0,nan,nan
1706267716600,0,0,nan,nan
1706267716610,0,0,nan,nan
1706267716622,0,0,nan,nan
1706267716632,0,0,nan,nan
1706267716644,0,0,nan,nan
1706267716655,0,0,nan,nan
1706267716666,0,0,nan,nan
1706267716678,0,0,nan,nan
1706267716715,0,0,nan,nan
1706267716716,0,0,nan,nan
1706267716729,0,0,nan,nan
1706267716733,0,0,nan,nan
1706267716746,0,0,nan,nan
1706267716755,0,0,nan,nan
1706267716765,0,0,nan,nan
1706267716777,0,0,nan,nan
1706267716788,0,0,nan,nan
1706267716799,0,0,nan,nan
1706267716810,0,0,nan,nan
1706267716822,0,0,nan,nan
1706267716832,0,0,nan,nan
1706267716868,0,0,nan,nan
1706267716869,0,0,nan,nan
1706267716877,0,0,nan,nan
1706267716889,0,0,nan,nan
1706267716900,0,0,nan,nan
1706267716911,0,0,nan,nan
1706267716922,0,0,nan,nan
1706267716932,0,0,nan,nan
1706267716943,0,0,nan,nan
1706267716956,0,0,nan,nan
1706267716966,0,0,nan,nan
1706267716977,0,0,nan,nan
1706267716995,0,0,nan,nan
1706267717020,0,0,nan,nan
1706267717021,0,0,nan,nan
1706267717022,0,0,nan,nan
1706267717036,0,0,nan,nan
1706267717044,0,0,nan,nan
1706267717056,0,0,nan,nan
1706267717066,0,0,nan,nan
1706267717077,0,0,nan,nan
1706267717088,0,0,nan,nan
1706267717099,0,0,nan,nan
1706267717110,0,0,nan,nan
1706267717148,0,0,nan,nan
1706267717149,0,0,nan,nan
1706267717155,0,0,nan,nan
1706267717166,0,0,nan,nan
1706267717177,0,0,nan,nan
1706267717189,0,0,nan,nan
1706267717199,0,0,nan,nan
1706267717211,0,0,nan,nan
1706267717222,0,0,nan,nan
1706267717232,0,0,nan,nan
1706267717245,0,0,nan,nan
1706267717255,0,0,nan,nan
1706267717266,0,0,nan,nan
1706267717304,0,0,nan,nan
1706267717305,0,0,nan,nan
1706267717310,0,0,nan,nan
1706267717323,0,0,nan,nan
1706267717332,0,0,nan,nan
1706267717343,0,0,nan,nan
1706267717355,0,0,nan,nan
1706267717366,0,0,nan,nan
1706267717377,0,0,nan,nan
1706267717389,0,0,nan,nan
1706267717399,0,0,nan,nan
1706267717410,0,0,nan,nan
1706267717448,0,0,nan,nan
1706267717449,0,0,nan,nan
1706267717455,0,0,nan,nan
1706267717467,0,0,nan,nan
1706267717477,0,0,nan,nan
1706267717488,0,0,nan,nan
1706267717499,0,0,nan,nan
1706267717510,0,0,nan,nan
1706267717522,0,0,nan,nan
1706267717533,0,0,nan,nan
1706267717544,0,0,nan,nan
1706267717555,0,0,nan,nan
1706267717566,0,0,nan,nan
1706267717601,0,0,nan,nan
1706267717611,0,0,nan,nan
1706267717622,0,0,nan,nan
1706267717633,0,0,nan,nan
1706267717644,0,0,nan,nan
1706267717655,0,0,nan,nan
1706267717666,0,0,nan,nan
1706267717677,0,0,nan,nan
1706267717689,0,0,nan,nan
1706267717698,0,0,nan,nan
1706267717710,0,0,nan,nan
1706267717730,0,0,nan,nan
1706267717750,0,0,nan,nan
1706267717755,0,0,nan,nan
1706267717769,0,0,nan,nan
1706267717777,0,0,nan,nan
1706267717788,0,0,nan,nan
1706267717798,0,0,nan,nan
1706267717810,0,0,nan,nan
1706267717822,0,0,nan,nan
1706267717832,0,0,nan,nan
1706267717844,0,0,nan,nan
1706267717855,0,0,nan,nan
1706267717866,0,0,nan,nan
1706267717901,0,0,nan,nan
1706267717910,0,0,nan,nan
1706267717922,0,0,nan,nan
1706267717933,0,0,nan,nan
1706267717943,0,0,nan,nan
1706267717955,0,0,nan,nan
1706267717965,0,0,nan,nan
1706267717976,0,0,nan,nan
1706267717988,0,0,nan,nan
1706267717998,0,0,nan,nan
1706267718010,0,0,nan,nan
1706267718047,0,0,nan,nan
1706267718048,0,0,nan,nan
1706267718055,0,0,nan,nan
1706267718065,0,0,nan,nan
1706267718079,0,0,nan,nan
1706267718088,0,0,nan,nan
1706267718098,0,0,nan,nan
1706267718110,0,0,nan,nan
1706267718121,0,0,nan,nan
1706267718132,0,0,nan,nan
1706267718143,0,0,nan,nan
1706267718184,0,0,nan,nan
1706267718185,0,0,nan,nan
1706267718188,0,0,nan,nan
1706267718201,0,0,nan,nan
1706267718210,0,0,nan,nan
1706267718221,0,0,nan,nan
1706267718232,0,0,nan,nan
1706267718243,0,0,nan,nan
1706267718254,0,0,nan,nan
1706267718265,0,0,nan,nan
1706267718277,0,0,nan,nan
1706267718288,0,0,nan,nan
1706267718299,0,0,nan,nan
1706267718334,0,0,nan,nan
1706267718343,0,0,nan,nan
1706267718354,0,0,nan,nan
1706267718366,0,0,nan,nan
1706267718377,0,0,nan,nan
1706267718388,0,0,nan,nan
1706267718398,0,0,nan,nan
1706267718411,0,0,nan,nan
1706267718421,0,0,nan,nan
1706267718431,0,0,nan,nan
1706267718443,0,0,nan,nan
1706267718483,0,0,nan,nan
1706267718484,0,0,nan,nan
1706267718487,0,0,nan,nan
1706267718501,0,0,nan,nan
1706267718509,0,0,nan,nan
1706267718521,0,0,nan,nan
1706267718531,0,0,nan,nan
1706267718543,0,0,nan,nan
1706267718555,0,0,nan,nan
1706267718565,0,0,nan,nan
1706267718576,0,0,nan,nan
1706267718588,0,0,nan,nan
1706267718598,0,0,nan,nan
1706267718635,0,0,nan,nan
1706267718643,0,0,nan,nan
1706267718655,0,0,nan,nan
1706267718666,0,0,nan,nan
1706267718676,0,0,nan,nan
1706267718688,0,0,nan,nan
1706267718698,0,0,nan,nan
1706267718709,0,0,nan,nan
1706267718721,0,0,nan,nan
1706267718732,0,0,nan,nan
1706267718743,0,0,nan,nan
1706267718786,0,0,nan,nan
1706267718787,0,0,nan,nan
1706267718788,0,0,nan,nan
1706267718803,0,0,nan,nan
1706267718810,0,0,nan,nan
1706267718821,0,0,nan,nan
1706267718831,0,0,nan,nan
1706267718842,0,0,nan,nan
1706267718854,0,0,nan,nan
1706267718864,0,0,nan,nan
1706267718875,0,0,nan,nan
1706267718887,0,0,nan,nan
1706267718898,0,0,nan,nan
1706267718938,0,0,nan,nan
1706267718939,0,0,nan,nan
1706267718943,0,0,nan,nan
1706267718955,0,0,nan,nan
1706267718964,0,0,nan,nan
1706267718975,0,0,nan,nan
1706267718988,0,0,nan,nan
1706267718998,0,0,nan,nan
1706267719009,0,0,nan,nan
1706267719021,0,0,nan,nan
1706267719031,0,0,nan,nan
1706267719043,0,0,nan,nan
1706267719085,0,0,nan,nan
1706267719086,0,0,nan,nan
1706267719088,0,0,nan,nan
1706267719105,0,0,nan,nan
1706267719109,0,0,nan,nan
1706267719122,0,0,nan,nan
1706267719131,0,0,nan,nan
1706267719143,0,0,nan,nan
1706267719155,0,0,nan,nan
1706267719165,0,0,nan,nan
1706267719175,0,0,nan,nan
1706267719187,0,0,nan,nan
1706267719198,0,0,nan,nan
1706267719233,0,0,nan,nan
1706267719234,0,0,nan,nan
1706267719242,0,0,nan,nan
1706267719254,0,0,nan,nan
1706267719264,0,0,nan,nan
1706267719275,0,0,nan,nan
1706267719288,0,0,nan,nan
1706267719297,0,0,nan,nan
1706267719308,0,0,nan,nan
1706267719321,0,0,nan,nan
1706267719330,0,0,nan,nan
1706267719342,0,0,nan,nan
1706267719366,0,0,nan,nan
1706267719386,0,0,nan,nan
1706267719387,0,0,nan,nan
1706267719404,0,0,nan,nan
1706267719409,0,0,nan,nan
1706267719424,0,0,nan,nan
1706267719431,0,0,nan,nan
1706267719442,0,0,nan,nan
1706267719454,0,0,nan,nan
1706267719464,0,0,nan,nan
1706267719476,0,0,nan,nan
1706267719488,0,0,nan,nan
1706267719498,0,0,nan,nan
1706267719536,0,0,nan,nan
1706267719537,0,0,nan,nan
1706267719542,0,0,nan,nan
1706267719554,0,0,nan,nan
1706267719565,0,0,nan,nan
1706267719575,0,0,nan,nan
1706267719588,0,0,nan,nan
1706267719598,0,0,nan,nan
1706267719609,0,0,nan,nan
1706267719620,0,0,nan,nan
1706267719630,0,0,nan,nan
1706267719641,0,0,nan,nan
1706267719663,0,0,nan,nan
1706267719684,0,0,nan,nan
1706267719687,0,0,nan,nan
1706267719700,0,0,nan,nan
1706267719708,0,0,nan,nan
1706267719721,0,0,nan,nan
1706267719730,0,0,nan,nan
1706267719741,0,0,nan,nan
1706267719753,0,0,nan,nan
1706267719764,0,0,nan,nan
1706267719775,0,0,nan,nan
1706267719787,0,0,nan,nan
1706267719797,0,0,nan,nan
1706267719833,0,0,nan,nan
1706267719849,0,0,nan,nan
1706267719854,0,0,nan,nan
1706267719865,0,0,nan,nan
1706267719875,0,0,nan,nan
1706267719887,0,0,nan,nan
1706267719897,0,0,nan,nan
1706267719909,0,0,nan,nan
1706267719920,0,0,nan,nan
1706267719931,0,0,nan,nan
1706267719942,0,0,nan,nan
1706267719964,0,0,nan,nan
1706267719984,0,0,nan,nan
1706267719987,0,0,nan,nan
1706267719999,0,0,nan,nan
1706267720008,0,0,nan,nan
1706267720020,0,0,nan,nan
1706267720030,0,0,nan,nan
1706267720042,0,0,nan,nan
1706267720053,0,0,nan,nan
1706267720064,0,0,nan,nan
1706267720075,0,0,nan,nan
1706267720123,0,0,nan,nan
1706267720124,0,0,nan,nan
1706267720130,0,0,nan,nan
1706267720142,0,0,nan,nan
1706267720153,0,0,nan,nan
1706267720164,0,0,nan,nan
1706267720175,0,0,nan,nan
1706267720186,0,0,nan,nan
1706267720197,0,0,nan,nan
1706267720208,0,0,nan,nan
1706267720220,0,0,nan,nan
1706267720230,0,0,nan,nan
1706267720267,0,0,nan,nan
1706267720268,0,0,nan,nan
1706267720283,0,0,nan,nan
1706267720286,0,0,nan,nan
1706267720299,0,0,nan,nan
1706267720309,0,0,nan,nan
1706267720320,0,0,nan,nan
1706267720330,0,0,nan,nan
1706267720342,0,0,nan,nan
1706267720353,0,0,nan,nan
1706267720364,0,0,nan,nan
1706267720402,0,0,nan,nan
1706267720403,0,0,nan,nan
1706267720409,0,0,nan,nan
1706267720421,0,0,nan,nan
1706267720430,0,0,nan,nan
1706267720441,0,0,nan,nan
1706267720452,0,0,nan,nan
1706267720463,0,0,nan,nan
1706267720475,0,0,nan,nan
1706267720486,0,0,nan,nan
1706267720496,0,0,nan,nan
1706267720508,0,0,nan,nan
1706267720520,0,0,nan,nan
1706267720551,0,0,nan,nan
1706267720553,0,0,nan,nan
1706267720568,0,0,nan,nan
1706267720575,0,0,nan,nan
1706267720587,0,0,nan,nan
1706267720597,0,0,nan,nan
1706267720609,0,0,nan,nan
1706267720619,0,0,nan,nan
1706267720630,0,0,nan,nan
1706267720641,0,0,nan,nan
1706267720691,0,0,nan,nan
1706267720696,0,0,nan,nan
1706267720708,0,0,nan,nan
1706267720720,0,0,nan,nan
1706267720730,0,0,nan,nan
1706267720742,0,0,nan,nan
1706267720753,0,0,nan,nan
1706267720763,0,0,nan,nan
1706267720775,0,0,nan,nan
1706267720787,0,0,nan,nan
1706267720796,0,0,nan,nan
1706267720837,0,0,nan,nan
1706267720838,0,0,nan,nan
1706267720841,0,0,nan,nan
1706267720854,0,0,nan,nan
1706267720863,0,0,nan,nan
1706267720875,0,0,nan,nan
1706267720886,0,0,nan,nan
1706267720897,0,0,nan,nan
1706267720908,0,0,nan,nan
1706267720920,0,0,nan,nan
1706267720930,0,0,nan,nan
1706267720941,0,0,nan,nan
1706267720986,0,0,nan,nan
1706267720987,0,0,nan,nan
1706267721001,0,0,nan,nan
1706267721007,0,0,nan,nan
1706267721019,0,0,nan,nan
1706267721030,0,0,nan,nan
1706267721042,0,0,nan,nan
1706267721059,0,0,nan,nan
1706267721074,0,0,nan,nan
1706267721086,0,0,nan,nan
1706267721097,0,0,nan,nan
1706267721137,0,0,nan,nan
1706267721138,0,0,nan,nan
1706267721140,0,0,nan,nan
1706267721153,0,0,nan,nan
1706267721164,0,0,nan,nan
1706267721176,1,0,5.40045166015625,nan
1706267721187,1,0,5.403076171875,nan
1706267721199,1,1,5.2751312255859375,5.2665863037109375
1706267721209,1,1,5.2493438720703125,5.2665863037109375
1706267721220,1,1,5.19854736328125,5.2790985107421875
1706267721232,1,1,5.223602294921875,5.2787017822265625
1706267721243,1,1,5.240936279296875,5.2787017822265625
1706267721254,1,1,5.250335693359375,5.248016357421875
1706267721287,1,1,5.2682647705078125,5.189453125
1706267721288,1,1,5.261199951171875,5.189453125
1706267721304,1,1,5.2821197509765625,5.3040618896484375
1706267721311,1,1,5.28155517578125,5.3040618896484375
1706267721322,1,1,5.3000640869140625,5.305419921875
1706267721333,1,1,5.309814453125,5.3108367919921875
1706267721344,1,1,5.3058013916015625,5.3289794921875
1706267721355,1,1,5.3089447021484375,5.3194580078125
1706267721366,1,1,5.3121185302734375,5.3129425048828125
1706267721377,1,1,5.3075103759765625,5.2985076904296875
1706267721388,1,1,5.2859954833984375,5.294219970703125
1706267721420,1,1,5.28167724609375,5.2823333740234375
1706267721421,1,1,5.29229736328125,5.2725067138671875
1706267721422,1,1,5.300994873046875,5.2686767578125
1706267721438,1,1,5.3048095703125,5.269073486328125
1706267721444,1,1,5.2816314697265625,5.26336669921875
1706267721455,1,1,5.2660980224609375,5.263763427734375
1706267721466,1,1,5.2551422119140625,5.2444610595703125
1706267721477,1,1,5.2611236572265625,5.247528076171875
1706267721488,1,1,5.2733612060546875,5.2416534423828125
1706267721499,1,1,5.2554473876953125,5.218505859375
1706267721510,1,1,5.2520904541015625,5.2204132080078125
1706267721521,1,1,5.24542236328125,5.2089385986328125
1706267721533,1,1,5.23150634765625,5.18780517578125
1706267721571,1,1,5.2162322998046875,5.169525146484375
1706267721572,1,1,5.181427001953125,5.142822265625
1706267721576,1,1,5.1783599853515625,5.1414794921875
1706267721588,1,1,5.17523193359375,5.125091552734375
1706267721599,1,1,5.156829833984375,5.1076507568359375
1706267721610,1,1,5.1478271484375,5.08721923828125
1706267721621,1,1,5.138885498046875,5.0805816650390625
1706267721632,1,1,5.1280517578125,5.05682373046875
1706267721643,1,1,5.119140625,5.057586669921875
1706267721654,1,1,5.1211395263671875,5.056182861328125
1706267721666,1,1,5.111297607421875,5.0422210693359375
1706267721676,1,1,5.1355133056640625,5.04217529296875
1706267721699,1,1,5.1085205078125,5.020263671875
1706267721719,1,1,5.0859527587890625,4.93951416015625
1706267721721,1,1,5.0698394775390625,4.933074951171875
1706267721734,1,1,5.05865478515625,4.92327880859375
1706267721743,1,1,5.0538177490234375,4.9163055419921875
1706267721755,1,1,5.0461578369140625,4.907745361328125
1706267721766,1,1,5.027099609375,4.881561279296875
1706267721777,1,1,5.0386810302734375,4.875244140625
1706267721788,1,1,5.0340423583984375,4.888916015625
1706267721799,1,1,5.0157012939453125,4.869537353515625
1706267721810,1,1,4.9868621826171875,4.8582763671875
1706267721852,1,1,4.9775848388671875,4.8470611572265625
1706267721853,1,1,4.9561614990234375,4.8251800537109375
1706267721855,1,1,4.94659423828125,4.8026123046875
1706267721868,1,1,4.9332427978515625,4.787689208984375
1706267721877,1,1,4.9328460693359375,4.7833251953125
1706267721887,1,1,4.9209747314453125,4.76580810546875
1706267721898,1,1,4.894683837890625,4.744873046875
1706267721909,1,1,4.875335693359375,4.72955322265625
1706267721921,1,1,4.859832763671875,4.7297515869140625
1706267721932,1,1,4.8455963134765625,4.7220611572265625
1706267721943,1,1,4.87139892578125,4.7214508056640625
1706267721954,1,1,4.8655548095703125,4.7178497314453125
1706267721965,1,1,4.851226806640625,4.7045745849609375
1706267722000,1,1,4.7885589599609375,4.7067413330078125
1706267722001,1,1,4.8358001708984375,4.7918701171875
1706267722008,1,1,4.7606353759765625,4.665802001953125
1706267722019,1,1,4.652252197265625,4.357330322265625
1706267722031,0,0,nan,nan
1706267722041,0,0,nan,nan
1706267722052,0,0,nan,nan
1706267722063,0,0,nan,nan
1706267722075,0,0,nan,nan
1706267722086,0,0,nan,nan
1706267722096,0,0,nan,nan
1706267722136,0,0,nan,nan
1706267722137,0,0,nan,nan
1706267722156,0,0,nan,nan
1706267722165,0,0,nan,nan
1706267722176,0,0,nan,nan
1706267722188,0,0,nan,nan
1706267722199,0,0,nan,nan
1706267722209,0,0,nan,nan
1706267722221,0,0,nan,nan
1706267722232,0,0,nan,nan
1706267722243,0,0,nan,nan
1706267722254,0,0,nan,nan
1706267722289,0,0,nan,nan
1706267722306,0,0,nan,nan
1706267722309,0,0,nan,nan
1706267722321,0,0,nan,nan
1706267722331,0,0,nan,nan
1706267722342,0,0,nan,nan
1706267722353,0,0,nan,nan
1706267722364,0,0,nan,nan
1706267722375,0,0,nan,nan
1706267722387,0,0,nan,nan
1706267722397,0,0,nan,nan
1706267722418,0,0,nan,nan
1706267722438,0,0,nan,nan
1706267722442,0,0,nan,nan
1706267722456,0,0,nan,nan
1706267722465,0,0,nan,nan
1706267722475,0,0,nan,nan
1706267722487,0,0,nan,nan
1706267722497,0,0,nan,nan
1706267722508,0,0,nan,nan
1706267722521,0,0,nan,nan
1706267722531,0,0,nan,nan
1706267722542,0,0,nan,nan
1706267722587,0,0,nan,nan
1706267722588,0,0,nan,nan
1706267722603,0,0,nan,nan
1706267722610,0,0,nan,nan
1706267722622,0,0,nan,nan
1706267722630,0,0,nan,nan
1706267722641,0,0,nan,nan
1706267722654,0,0,nan,nan
1706267722664,0,0,nan,nan
1706267722675,0,0,nan,nan
1706267722688,0,0,nan,nan
1706267722697,0,0,nan,nan
1706267722736,0,0,nan,nan
1706267722737,0,0,nan,nan
1706267722742,0,0,nan,nan
1706267722754,0,0,nan,nan
1706267722764,0,0,nan,nan
1706267722775,0,0,nan,nan
1706267722787,0,0,nan,nan
1706267722797,0,0,nan,nan
1706267722809,0,0,nan,nan
1706267722821,0,0,nan,nan
1706267722831,0,0,nan,nan
1706267722842,0,0,nan,nan
1706267722866,0,0,nan,nan
1706267722886,0,0,nan,nan
1706267722887,0,0,nan,nan
1706267722902,0,0,nan,nan
1706267722909,0,0,nan,nan
1706267722922,0,0,nan,nan
1706267722931,0,0,nan,nan
1706267722942,0,0,nan,nan
1706267722955,0,0,nan,nan
1706267722964,0,0,nan,nan
1706267722976,0,0,nan,nan
1706267722987,0,0,nan,nan
1706267722998,0,0,nan,nan
1706267723043,0,0,nan,nan
1706267723059,0,0,nan,nan
1706267723065,0,0,nan,nan
1706267723076,0,0,nan,nan
1706267723087,0,0,nan,nan
1706267723097,0,0,nan,nan
1706267723109,0,0,nan,nan
1706267723120,0,0,nan,nan
1706267723130,0,0,nan,nan
1706267723141,0,0,nan,nan
1706267723153,0,0,nan,nan
1706267723188,0,0,nan,nan
1706267723189,0,0,nan,nan
1706267723204,0,0,nan,nan
1706267723208,0,0,nan,nan
1706267723220,0,0,nan,nan
1706267723230,0,0,nan,nan
1706267723242,0,0,nan,nan
1706267723254,0,0,nan,nan
1706267723264,0,0,nan,nan
1706267723275,0,0,nan,nan
1706267723287,0,0,nan,nan
1706267723297,0,0,nan,nan
1706267723336,0,0,nan,nan
1706267723337,0,0,nan,nan
1706267723341,0,0,nan,nan
1706267723353,0,0,nan,nan
1706267723363,0,0,nan,nan
1706267723374,0,0,nan,nan
1706267723386,0,0,nan,nan
1706267723396,0,0,nan,nan
1706267723408,0,0,nan,nan
1706267723420,0,0,nan,nan
1706267723430,0,0,nan,nan
1706267723441,0,0,nan,nan
1706267723453,0,0,nan,nan
1706267723487,0,0,nan,nan
1706267723503,0,0,nan,nan
1706267723508,0,0,nan,nan
1706267723520,0,0,nan,nan
1706267723530,0,0,nan,nan
1706267723541,0,0,nan,nan
1706267723553,0,0,nan,nan
1706267723563,0,0,nan,nan
1706267723575,0,0,nan,nan
1706267723587,0,0,nan,nan
1706267723596,0,0,nan,nan
1706267723617,0,0,nan,nan
1706267723639,0,0,nan,nan
1706267723640,0,0,nan,nan
1706267723641,0,0,nan,nan
1706267723656,0,0,nan,nan
1706267723663,0,0,nan,nan
1706267723674,0,0,nan,nan
1706267723686,0,0,nan,nan
1706267723696,0,0,nan,nan
1706267723708,0,0,nan,nan
1706267723719,0,0,nan,nan
1706267723730,0,0,nan,nan
1706267723772,0,0,nan,nan
1706267723773,0,0,nan,nan
1706267723775,0,0,nan,nan
1706267723792,0,0,nan,nan
1706267723798,0,0,nan,nan
1706267723810,0,0,nan,nan
1706267723819,0,0,nan,nan
1706267723829,0,0,nan,nan
1706267723841,0,0,nan,nan
1706267723853,0,0,nan,nan
1706267723862,0,0,nan,nan
1706267723874,0,0,nan,nan
1706267723886,0,0,nan,nan
1706267723922,0,0,nan,nan
1706267723923,0,0,nan,nan
1706267723929,0,0,nan,nan
1706267723943,0,0,nan,nan
1706267723953,0,0,nan,nan
1706267723963,0,0,nan,nan
1706267723975,0,0,nan,nan
1706267723986,0,0,nan,nan
1706267723996,0,0,nan,nan
1706267724008,0,0,nan,nan
1706267724020,0,0,nan,nan
1706267724030,0,0,nan,nan
1706267724072,0,0,nan,nan
1706267724074,0,0,nan,nan
1706267724089,0,0,nan,nan
1706267724096,0,0,nan,nan
1706267724108,0,0,nan,nan
1706267724119,0,0,nan,nan
1706267724129,0,0,nan,nan
1706267724140,0,0,nan,nan
1706267724151,0,0,nan,nan
1706267724162,0,0,nan,nan
1706267724174,0,0,nan,nan
1706267724185,0,0,nan,nan
1706267724224,0,0,nan,nan
1706267724225,0,0,nan,nan
1706267724229,0,0,nan,nan
1706267724242,0,0,nan,nan
1706267724252,0,0,nan,nan
1706267724263,0,0,nan,nan
1706267724274,0,0,nan,nan
1706267724285,0,0,nan,nan
1706267724296,0,0,nan,nan
1706267724308,0,0,nan,nan
1706267724319,0,0,nan,nan
1706267724330,0,0,nan,nan
1706267724351,0,0,nan,nan
1706267724373,0,0,nan,nan
1706267724375,0,0,nan,nan
1706267724389,0,0,nan,nan
1706267724396,0,0,nan,nan
1706267724408,0,0,nan,nan
1706267724418,0,0,nan,nan
1706267724428,0,0,nan,nan
1706267724441,0,0,nan,nan
1706267724451,0,0,nan,nan
1706267724462,0,0,nan,nan
1706267724474,0,0,nan,nan
1706267724485,0,0,nan,nan
1706267724520,0,0,nan,nan
1706267724521,0,0,nan,nan
1706267724536,0,0,nan,nan
1706267724542,0,0,nan,nan
1706267724553,0,0,nan,nan
1706267724562,0,0,nan,nan
1706267724574,0,0,nan,nan
1706267724585,0,0,nan,nan
1706267724596,0,0,nan,nan
1706267724608,0,0,nan,nan
1706267724619,0,0,nan,nan
1706267724629,0,0,nan,nan
1706267724650,0,0,nan,nan
1706267724671,0,0,nan,nan
1706267724672,0,0,nan,nan
1706267724674,0,0,nan,nan
1706267724687,0,0,nan,nan
1706267724696,0,0,nan,nan
1706267724708,0,0,nan,nan
1706267724719,0,0,nan,nan
1706267724729,0,0,nan,nan
1706267724741,0,0,nan,nan
1706267724752,0,0,nan,nan
1706267724763,0,0,nan,nan
1706267724803,0,0,nan,nan
1706267724804,0,0,nan,nan
1706267724807,0,0,nan,nan
1706267724820,0,0,nan,nan
1706267724828,0,0,nan,nan
1706267724841,0,0,nan,nan
1706267724851,0,0,nan,nan
1706267724862,0,0,nan,nan
1706267724873,0,0,nan,nan
1706267724885,0,0,nan,nan
1706267724895,0,0,nan,nan
1706267724908,0,0,nan,nan
1706267724918,0,0,nan,nan
1706267724954,0,0,nan,nan
1706267724956,0,0,nan,nan
1706267724962,0,0,nan,nan
1706267724974,0,0,nan,nan
1706267724986,0,0,nan,nan
1706267724995,0,0,nan,nan
1706267725007,0,0,nan,nan
1706267725018,0,0,nan,nan
1706267725029,0,0,nan,nan
1706267725041,0,0,nan,nan
1706267725052,0,0,nan,nan
1706267725062,0,0,nan,nan
1706267725104,0,0,nan,nan
1706267725105,0,0,nan,nan
1706267725108,0,0,nan,nan
1706267725123,0,0,nan,nan
1706267725129,0,0,nan,nan
1706267725141,0,0,nan,nan
1706267725152,0,0,nan,nan
1706267725162,0,0,nan,nan
1706267725174,0,0,nan,nan
1706267725185,0,0,nan,nan
1706267725196,0,0,nan,nan
1706267725238,0,0,nan,nan
1706267725241,0,0,nan,nan
1706267725255,0,0,nan,nan
1706267725263,0,0,nan,nan
1706267725274,0,0,nan,nan
1706267725284,0,0,nan,nan
1706267725295,0,0,nan,nan
1706267725307,0,0,nan,nan
1706267725318,0,0,nan,nan
1706267725328,0,0,nan,nan
1706267725341,0,0,nan,nan
1706267725352,0,0,nan,nan
1706267725370,0,0,nan,nan
1706267725391,0,0,nan,nan
1706267725395,0,0,nan,nan
1706267725408,0,0,nan,nan
1706267725418,0,0,nan,nan
1706267725429,0,0,nan,nan
1706267725440,0,0,nan,nan
1706267725452,0,0,nan,nan
1706267725462,0,0,nan,nan
1706267725474,0,0,nan,nan
1706267725485,0,0,nan,nan
1706267725495,0,0,nan,nan
1706267725507,0,0,nan,nan
1706267725538,0,0,nan,nan
1706267725539,0,0,nan,nan
1706267725540,0,0,nan,nan
1706267725554,0,0,nan,nan
1706267725562,0,0,nan,nan
1706267725573,0,0,nan,nan
1706267725585,0,0,nan,nan
1706267725595,0,0,nan,nan
1706267725607,0,0,nan,nan
1706267725618,0,0,nan,nan
1706267725629,0,0,nan,nan
1706267725640,0,0,nan,nan
1706267725652,0,0,nan,nan
1706267725687,0,0,nan,nan
1706267725688,0,0,nan,nan
1706267725695,0,0,nan,nan
1706267725706,0,0,nan,nan
1706267725718,0,0,nan,nan
1706267725728,0,0,nan,nan
1706267725740,0,0,nan,nan
1706267725751,0,0,nan,nan
1706267725761,0,0,nan,nan
1706267725773,0,0,nan,nan
1706267725784,0,0,nan,nan
1706267725795,0,0,nan,nan
1706267725838,0,0,nan,nan
1706267725839,0,0,nan,nan
1706267725854,0,0,nan,nan
1706267725862,0,0,nan,nan
1706267725873,0,0,nan,nan
1706267725884,0,0,nan,nan
1706267725895,0,0,nan,nan
1706267725906,0,0,nan,nan
1706267725918,0,0,nan,nan
1706267725928,0,0,nan,nan
1706267725940,0,0,nan,nan
1706267725976,0,0,nan,nan
1706267725977,0,0,nan,nan
1706267725985,0,0,nan,nan
1706267725995,0,0,nan,nan
1706267726008,0,0,nan,nan
1706267726018,0,0,nan,nan
1706267726028,0,0,nan,nan
1706267726039,0,0,nan,nan
1706267726050,0,0,nan,nan
1706267726061,0,0,nan,nan
1706267726073,0,0,nan,nan
1706267726084,0,0,nan,nan
1706267726125,0,0,nan,nan
1706267726126,0,0,nan,nan
1706267726128,0,0,nan,nan
1706267726143,0,0,nan,nan
1706267726151,0,0,nan,nan
1706267726161,0,0,nan,nan
1706267726173,0,0,nan,nan
1706267726184,0,0,nan,nan
1706267726194,0,0,nan,nan
1706267726206,0,0,nan,nan
1706267726217,0,0,nan,nan
1706267726228,0,0,nan,nan
1706267726239,0,0,nan,nan
1706267726251,0,0,nan,nan
1706267726286,0,0,nan,nan
1706267726287,0,0,nan,nan
1706267726302,0,0,nan,nan
1706267726306,0,0,nan,nan
1706267726318,0,0,nan,nan
1706267726328,0,0,nan,nan
1706267726339,0,0,nan,nan
1706267726351,0,0,nan,nan
1706267726361,0,0,nan,nan
1706267726372,0,0,nan,nan
1706267726384,0,0,nan,nan
1706267726422,0,0,nan,nan
1706267726423,0,0,nan,nan
1706267726428,0,0,nan,nan
1706267726439,0,0,nan,nan
1706267726452,0,0,nan,nan
1706267726461,0,0,nan,nan
1706267726472,0,0,nan,nan
1706267726484,0,0,nan,nan
1706267726494,0,0,nan,nan
1706267726506,0,0,nan,nan
1706267726556,0,0,nan,nan
1706267726557,0,0,nan,nan
1706267726562,0,0,nan,nan
1706267726574,0,0,nan,nan
1706267726585,0,0,nan,nan
1706267726596,0,0,nan,nan
1706267726607,0,0,nan,nan
1706267726618,0,0,nan,nan
1706267726629,0,0,nan,nan
1706267726641,0,0,nan,nan
1706267726651,0,0,nan,nan
1706267726670,0,0,nan,nan
1706267726709,0,0,nan,nan
1706267726724,0,0,nan,nan
1706267726733,0,0,nan,nan
1706267726745,0,0,nan,nan
1706267726756,0,1,nan,4.8548126220703125
1706267726767,0,1,nan,4.783233642578125
1706267726778,0,1,nan,4.783233642578125
1706267726790,0,1,nan,4.7747039794921875
1706267726800,0,1,nan,4.815826416015625
1706267726839,0,1,nan,4.815826416015625
1706267726840,1,1,4.9091644287109375,4.859375
1706267726845,1,1,4.909637451171875,4.8463134765625
1706267726856,1,1,4.9260406494140625,4.849884033203125
1706267726870,1,1,4.9735565185546875,4.9148712158203125
1706267726878,1,1,5.001495361328125,4.9205169677734375
1706267726889,1,1,5.013275146484375,4.935638427734375
1706267726900,1,1,5.0487823486328125,4.9794921875
1706267726912,1,1,5.05560302734375,4.996978759765625
1706267726923,1,1,5.0821990966796875,4.9968719482421875
1706267726934,1,1,5.107666015625,5.0176849365234375
1706267726945,1,1,5.104736328125,4.997344970703125
1706267726956,1,1,5.0924224853515625,5.0087127685546875
1706267726990,1,1,5.105865478515625,5.01873779296875
1706267726991,1,1,5.107269287109375,5.03533935546875
1706267727009,1,1,5.12518310546875,5.03759765625
1706267727012,1,1,5.13165283203125,5.033905029296875
1706267727024,1,1,5.14996337890625,5.043609619140625
1706267727034,1,1,5.1555023193359375,5.0465545654296875
1706267727045,1,1,5.142181396484375,5.060516357421875
1706267727056,1,1,5.1484375,5.052978515625
1706267727067,1,1,5.1424102783203125,5.050689697265625
1706267727079,1,1,5.1408233642578125,5.0459442138671875
1706267727090,1,1,5.1207275390625,5.056671142578125
1706267727124,1,1,5.112548828125,5.057220458984375
1706267727125,1,1,5.117523193359375,5.0732879638671875
1706267727140,1,1,5.100921630859375,5.0618896484375
1706267727146,1,1,5.0957183837890625,5.0293731689453125
1706267727159,1,1,5.1038665771484375,5.0210723876953125
1706267727168,1,1,5.0889434814453125,5.020294189453125
1706267727179,1,1,5.089630126953125,5.033538818359375
1706267727190,1,1,5.0665740966796875,5.0365447998046875
1706267727201,1,1,5.0594329833984375,5.0275421142578125
1706267727211,1,1,5.0517120361328125,5.00689697265625
1706267727222,1,1,5.0398101806640625,5.000030517578125
1706267727233,1,1,5.029876708984375,5.0000762939453125
1706267727272,1,1,5.020904541015625,5.0123748779296875
1706267727278,1,1,5.0313873291015625,4.997955322265625
1706267727289,1,1,5.01727294921875,4.9937286376953125
1706267727302,1,1,5.0127105712890625,4.9941253662109375
1706267727312,1,1,5.0094146728515625,4.9929656982421875
1706267727323,1,1,5.04315185546875,5.001678466796875
1706267727334,1,1,5.0361785888671875,4.9913330078125
1706267727345,1,1,5.0436859130859375,4.9934539794921875
1706267727356,1,1,5.0049896240234375,4.9951171875
1706267727367,1,1,4.9972076416015625,4.991790771484375
1706267727406,1,1,4.9833831787109375,4.9839935302734375
1706267727407,1,1,4.9710235595703125,4.9865264892578125
1706267727412,1,1,4.962066650390625,5.00006103515625
1706267727423,1,1,4.9627685546875,4.991973876953125
1706267727436,1,1,4.9580841064453125,4.986968994140625
1706267727445,1,1,4.954193115234375,4.98883056640625
1706267727456,1,1,4.9547119140625,4.98974609375
1706267727467,1,1,4.9530487060546875,4.9866943359375
1706267727478,1,1,4.9600677490234375,4.985382080078125
1706267727489,1,1,4.97625732421875,4.9863128662109375
1706267727500,1,1,4.9794921875,4.990234375
1706267727511,1,1,4.979644775390625,4.9842529296875
1706267727522,1,1,4.973175048828125,4.993377685546875
1706267727562,1,1,4.9772186279296875,4.9993438720703125
1706267727563,1,1,4.9791259765625,5.0060577392578125
1706267727567,1,1,5.0019683837890625,5.0088348388671875
1706267727583,1,1,5.0149688720703125,5.0119171142578125
1706267727590,1,1,5.007110595703125,4.9996185302734375
1706267727602,1,1,4.9715423583984375,5.003753662109375
1706267727611,1,1,4.9702911376953125,5.0037994384765625
1706267727622,1,1,4.9803009033203125,5.001983642578125
1706267727633,1,1,4.983245849609375,4.9989776611328125
1706267727644,1,1,4.9757232666015625,4.99169921875
1706267727656,1,1,4.97760009765625,4.990692138671875
1706267727667,1,1,4.9884796142578125,4.9964599609375
1706267727678,1,1,4.9921875,5.0055389404296875
1706267727711,1,1,5.0007171630859375,5.015380859375
1706267727730,1,1,5.0113677978515625,5.028167724609375
1706267727733,1,1,5.015625,5.034698486328125
1706267727745,1,1,5.012451171875,5.03143310546875
1706267727756,1,1,4.999267578125,5.0352325439453125
1706267727767,1,1,5.0044097900390625,5.0474090576171875
1706267727778,1,1,4.9811859130859375,5.0397796630859375
1706267727789,1,1,4.8311614990234375,4.866790771484375
1706267727800,1,1,4.634063720703125,4.5189361572265625
1706267727810,1,1,4.4372711181640625,4.370941162109375
1706267727820,0,1,nan,4.429595947265625
1706267727832,0,0,nan,nan
1706267727877,0,0,nan,nan
1706267727878,0,0,nan,nan
1706267727894,0,0,nan,nan
1706267727897,0,0,nan,nan
1706267727908,0,0,nan,nan
1706267727924,0,0,nan,nan
1706267727944,0,0,nan,nan
1706267727956,0,0,nan,nan
1706267727966,0,0,nan,nan
1706267727977,0,0,nan,nan
1706267727988,0,0,nan,nan
1706267728028,0,0,nan,nan
1706267728029,0,0,nan,nan
1706267728032,0,0,nan,nan
1706267728044,0,0,nan,nan
1706267728055,0,0,nan,nan
1706267728065,0,0,nan,nan
1706267728077,0,0,nan,nan
1706267728088,0,0,nan,nan
1706267728098,0,0,nan,nan
1706267728110,0,0,nan,nan
1706267728122,0,0,nan,nan
1706267728132,0,0,nan,nan
1706267728144,0,0,nan,nan
1706267728178,0,0,nan,nan
1706267728179,0,0,nan,nan
1706267728195,0,0,nan,nan
1706267728199,0,0,nan,nan
1706267728211,0,0,nan,nan
1706267728222,0,0,nan,nan
1706267728232,0,0,nan,nan
1706267728242,0,0,nan,nan
1706267728255,0,0,nan,nan
1706267728265,0,0,nan,nan
1706267728277,0,0,nan,nan
1706267728289,0,0,nan,nan
1706267728328,0,0,nan,nan
1706267728329,0,0,nan,nan
1706267728333,0,0,nan,nan
1706267728346,0,0,nan,nan
1706267728356,0,0,nan,nan
1706267728366,0,0,nan,nan
1706267728377,0,0,nan,nan
1706267728388,0,0,nan,nan
1706267728398,0,0,nan,nan
1706267728409,0,0,nan,nan
1706267728421,0,0,nan,nan
1706267728432,0,0,nan,nan
1706267728444,0,0,nan,nan
1706267728476,0,0,nan,nan
1706267728477,0,0,nan,nan
1706267728495,0,0,nan,nan
1706267728498,0,0,nan,nan
1706267728510,0,0,nan,nan
1706267728522,0,0,nan,nan
1706267728532,0,0,nan,nan
1706267728543,0,0,nan,nan
1706267728555,0,0,nan,nan
1706267728566,0,0,nan,nan
1706267728576,0,0,nan,nan
1706267728588,0,0,nan,nan
1706267728629,0,0,nan,nan
1706267728632,0,0,nan,nan
1706267728651,0,0,nan,nan
1706267728655,0,0,nan,nan
1706267728667,0,0,nan,nan
1706267728676,0,0,nan,nan
1706267728688,0,0,nan,nan
1706267728699,0,0,nan,nan
1706267728710,0,0,nan,nan
1706267728722,0,0,nan,nan
1706267728732,0,0,nan,nan
1706267728743,0,0,nan,nan
1706267728775,0,0,nan,nan
1706267728776,0,0,nan,nan
1706267728796,0,0,nan,nan
1706267728798,0,0,nan,nan
1706267728811,0,0,nan,nan
1706267728821,0,0,nan,nan
1706267728831,0,0,nan,nan
1706267728842,0,0,nan,nan
1706267728854,0,0,nan,nan
1706267728865,0,0,nan,nan
1706267728876,0,0,nan,nan
1706267728888,0,0,nan,nan
1706267728928,0,0,nan,nan
1706267728929,0,0,nan,nan
1706267728931,0,0,nan,nan
1706267728945,0,0,nan,nan
1706267728954,0,0,nan,nan
1706267728965,0,0,nan,nan
1706267728976,0,0,nan,nan
1706267728988,0,0,nan,nan
1706267728998,0,0,nan,nan
1706267729010,0,0,nan,nan
1706267729021,0,0,nan,nan
1706267729032,0,0,nan,nan
1706267729043,0,0,nan,nan
1706267729078,0,0,nan,nan
1706267729088,0,0,nan,nan
1706267729098,0,0,nan,nan
1706267729110,0,0,nan,nan
1706267729121,0,0,nan,nan
1706267729131,0,0,nan,nan
1706267729142,0,0,nan,nan
1706267729153,0,0,nan,nan
1706267729164,0,0,nan,nan
1706267729175,0,0,nan,nan
1706267729187,0,0,nan,nan
1706267729208,0,0,nan,nan
1706267729230,0,0,nan,nan
1706267729231,0,0,nan,nan
1706267729247,0,0,nan,nan
1706267729254,0,0,nan,nan
1706267729265,0,0,nan,nan
1706267729275,0,0,nan,nan
1706267729287,0,0,nan,nan
1706267729298,0,0,nan,nan
1706267729309,0,0,nan,nan
1706267729321,0,0,nan,nan
1706267729331,0,0,nan,nan
1706267729342,0,0,nan,nan
1706267729375,0,0,nan,nan
1706267729376,0,0,nan,nan
1706267729391,0,0,nan,nan
1706267729398,0,0,nan,nan
1706267729410,0,0,nan,nan
1706267729421,0,0,nan,nan
1706267729431,0,0,nan,nan
1706267729442,0,0,nan,nan
1706267729454,0,0,nan,nan
1706267729465,0,0,nan,nan
1706267729476,0,0,nan,nan
1706267729488,0,0,nan,nan
1706267729525,0,0,nan,nan
1706267729531,0,0,nan,nan
1706267729542,0,0,nan,nan
1706267729554,0,0,nan,nan
1706267729564,0,0,nan,nan
1706267729575,0,0,nan,nan
1706267729587,0,0,nan,nan
1706267729597,0,0,nan,nan
1706267729608,0,0,nan,nan
1706267729620,0,0,nan,nan
1706267729631,0,0,nan,nan
1706267729642,0,0,nan,nan
1706267729679,0,0,nan,nan
1706267729695,0,0,nan,nan
1706267729697,0,0,nan,nan
1706267729710,0,0,nan,nan
1706267729721,0,0,nan,nan
1706267729731,0,0,nan,nan
1706267729742,0,0,nan,nan
1706267729754,0,0,nan,nan
1706267729764,0,0,nan,nan
1706267729775,0,0,nan,nan
1706267729787,0,0,nan,nan
1706267729829,0,0,nan,nan
1706267729830,0,0,nan,nan
1706267729831,0,0,nan,nan
1706267729845,0,0,nan,nan
1706267729854,0,0,nan,nan
1706267729864,0,0,nan,nan
1706267729874,0,0,nan,nan
1706267729887,0,0,nan,nan
1706267729897,0,0,nan,nan
1706267729908,0,0,nan,nan
1706267729920,0,0,nan,nan
1706267729930,0,0,nan,nan
1706267729941,0,0,nan,nan
1706267729976,0,0,nan,nan
1706267729977,0,0,nan,nan
1706267729993,0,0,nan,nan
1706267729997,0,0,nan,nan
1706267730008,0,0,nan,nan
1706267730021,0,0,nan,nan
1706267730030,0,0,nan,nan
1706267730041,0,0,nan,nan
1706267730053,0,0,nan,nan
1706267730064,0,0,nan,nan
1706267730075,0,0,nan,nan
1706267730113,0,0,nan,nan
1706267730120,0,0,nan,nan
1706267730130,0,0,nan,nan
1706267730141,0,0,nan,nan
1706267730153,0,0,nan,nan
1706267730164,0,0,nan,nan
1706267730175,0,0,nan,nan
1706267730186,0,0,nan,nan
1706267730197,0,0,nan,nan
1706267730208,0,0,nan,nan
1706267730220,0,0,nan,nan
1706267730231,0,0,nan,nan
1706267730265,0,0,nan,nan
1706267730266,0,0,nan,nan
1706267730283,0,0,nan,nan
1706267730287,0,0,nan,nan
1706267730298,0,0,nan,nan
1706267730308,0,0,nan,nan
1706267730321,0,0,nan,nan
1706267730330,0,0,nan,nan
1706267730342,0,0,nan,nan
1706267730354,0,0,nan,nan
1706267730364,0,0,nan,nan
1706267730375,0,0,nan,nan
1706267730410,0,0,nan,nan
1706267730411,0,0,nan,nan
1706267730427,0,0,nan,nan
1706267730430,0,0,nan,nan
1706267730443,0,0,nan,nan
1706267730453,0,0,nan,nan
1706267730464,0,0,nan,nan
1706267730475,0,0,nan,nan
1706267730486,0,0,nan,nan
1706267730496,0,0,nan,nan
1706267730508,0,0,nan,nan
1706267730540,0,0,nan,nan
1706267730541,0,0,nan,nan
1706267730556,0,0,nan,nan
1706267730563,0,0,nan,nan
1706267730575,0,0,nan,nan
1706267730586,0,0,nan,nan
1706267730596,0,0,nan,nan
1706267730608,0,0,nan,nan
1706267730619,0,0,nan,nan
1706267730630,0,0,nan,nan
1706267730641,0,0,nan,nan
1706267730675,0,0,nan,nan
1706267730691,0,0,nan,nan
1706267730697,0,0,nan,nan
1706267730709,0,0,nan,nan
1706267730719,0,0,nan,nan
1706267730730,0,0,nan,nan
1706267730742,0,0,nan,nan
1706267730753,0,0,nan,nan
1706267730763,0,0,nan,nan
1706267730775,0,0,nan,nan
1706267730809,0,0,nan,nan
1706267730810,0,0,nan,nan
1706267730825,0,0,nan,nan
1706267730830,0,0,nan,nan
1706267730842,0,0,nan,nan
1706267730853,0,0,nan,nan
1706267730863,0,0,nan,nan
1706267730875,0,0,nan,nan
1706267730887,0,0,nan,nan
1706267730897,0,0,nan,nan
1706267730908,0,0,nan,nan
1706267730919,0,0,nan,nan
1706267730955,0,0,nan,nan
1706267730956,0,0,nan,nan
1706267730963,0,0,nan,nan
1706267730974,0,0,nan,nan
1706267730986,0,0,nan,nan
1706267730996,0,0,nan,nan
1706267731007,0,0,nan,nan
1706267731019,0,0,nan,nan
1706267731030,0,0,nan,nan
1706267731041,0,0,nan,nan
1706267731052,0,0,nan,nan
1706267731092,0,0,nan,nan
1706267731093,0,0,nan,nan
1706267731096,0,0,nan,nan
1706267731108,0,0,nan,nan
1706267731121,0,0,nan,nan
1706267731130,0,0,nan,nan
1706267731141,0,0,nan,nan
1706267731152,0,0,nan,nan
1706267731163,0,0,nan,nan
1706267731175,0,0,nan,nan
1706267731186,0,0,nan,nan
1706267731197,0,0,nan,nan
1706267731208,0,0,nan,nan
1706267731241,0,0,nan,nan
1706267731242,0,0,nan,nan
1706267731259,0,0,nan,nan
1706267731263,0,0,nan,nan
1706267731275,0,0,nan,nan
1706267731286,0,0,nan,nan
1706267731296,0,0,nan,nan
1706267731307,0,0,nan,nan
1706267731319,0,0,nan,nan
1706267731329,0,0,nan,nan
1706267731340,0,0,nan,nan
1706267731371,0,0,nan,nan
1706267731372,0,0,nan,nan
1706267731374,0,0,nan,nan
1706267731386,0,0,nan,nan
1706267731396,0,0,nan,nan
1706267731407,0,0,nan,nan
1706267731419,0,0,nan,nan
1706267731429,0,0,nan,nan
1706267731440,0,0,nan,nan
1706267731452,0,0,nan,nan
1706267731462,0,0,nan,nan
1706267731474,0,0,nan,nan
1706267731504,0,0,nan,nan
1706267731505,0,0,nan,nan
1706267731507,0,0,nan,nan
1706267731519,0,0,nan,nan
1706267731529,0,0,nan,nan
1706267731540,0,0,nan,nan
1706267731552,0,0,nan,nan
1706267731562,0,0,nan,nan
1706267731574,0,0,nan,nan
1706267731585,0,0,nan,nan
1706267731596,0,0,nan,nan
1706267731607,0,0,nan,nan
1706267731638,0,0,nan,nan
1706267731641,0,0,nan,nan
1706267731652,0,0,nan,nan
1706267731665,0,0,nan,nan
1706267731674,0,0,nan,nan
1706267731686,0,0,nan,nan
1706267731696,0,0,nan,nan
1706267731707,0,0,nan,nan
1706267731719,0,0,nan,nan
1706267731729,0,0,nan,nan
1706267731741,0,0,nan,nan
